2;1;1;2;2;1;2;3;1;2;4;1;2;5;1;2;6;1;2;7;1;2;8;1;2;9;1
0.0557268/0.26841/0.760857/
0.700247/0.707633/
0.481765;0.451674/0.121433;0.504074/
0.289224;0.30781/0.109928;0.690115/0.809931;0.90997/
0.609729/0.875576/0.38844/
0.201331;0.359966/0.636525;0.416272/
0.148503;0.537614;0.712058/0.366192;0.763482;0.316233/0.453078;0.0705893;0.393231/
0.621906/0.679525/0.775323/0.683523/
0.867763;0.601733/0.00021363;0.122105/
0.94821;0.962706;0.737541;0.568957/0.274209;0.0572222;0.0191656;0.678518/0.130955;0.784417;0.384899;0.621113/
0.138707/0.389233/0.281747/0.00936918/0.0987884/
0.050325;0.92642/0.435896;0.00537126/
0.969268;0.661794;0.528611;0.504563;0.11832/0.339061;0.929777;0.582049;0.302713;0.756249/0.105319;0.760491;0.693167;0.684591;0.390332/
0.587909/0.485946/0.514359/0.177099/0.698355/0.84579/
0.0506607;0.652181/0.226112;0.788324/
0.491348;0.988281;0.854671;0.158147;0.117344;0.397717/0.281564;0.359142;0.727531;0.953246;0.380779;0.992553/0.348582;0.582873;0.84341;0.0598163;0.251991;0.144688/
0.578112/0.886196/0.808466/0.988006/0.652791/0.42082/0.211737/
0.90701;0.0582293/0.0707114;0.602741/
0.89346;0.0755028;0.723655;0.625385;0.594287;0.528062;0.116855/0.945189;0.880581;0.699667;0.207953;0.7622;0.433973;0.199988/0.703787;0.849055;0.757347;0.558275;0.403638;0.14594;0.514908/
0.827082/0.513688/0.443342/0.609272/0.976959/0.587695/0.183813/0.900632/
0.363188;0.251426/0.914414;0.97502/
0.0465264;0.366348;0.420379;0.867657;0.248142;0.788985;0.072198;0.147365/0.720894;0.382157;0.416381;0.268915;0.317907;0.434848;0.541817;0.598887/0.539398;0.145847;0.252738;0.0218038;0.339666;0.328855;0.579689;0.532691/
0.974593/0.993647/0.659372/0.72166/0.172026/0.961407/0.5152/0.55826/0.405017/
-0.487389;0.270564/-0.276425;0.0515774/
0.677759;0.919344;0.706998;0.551261;0.169229;0.359764;0.437354;0.668991;0.164415/0.772202;0.0575686;0.226954;0.428341;0.27288;-0.162344;0.162228;0.657911;0.593379/0.195518;0.573463;0.384119;0.221224;0.0238843;0.281981;0.23082;0.225468;-0.0790169/
-1.31327e-16/2.64928e-16/3.52171e-16/-1.50365e-16/2.79348e-17/-3.53843e-16/-1.69785e-16/-1.33211e-16/9.18372e-17/0.581864/
