2;1;1;2;2;1;2;3;1;2;4;1;2;5;1;2;6;1;2;7;1;2;8;1;2;9;1
0.755058/0.306497/0.917753/
0.878597/0.338572/
0.252724;0.162511/0.372387;0.737022/
0.724326;0.827052/0.900601;0.30781/0.383862;0.219031/
0.153813/0.637532/0.995514/
0.974242;0.940092/0.656331;0.206793/
0.335978;0.471297;0.402661/0.379467;0.288064;0.0896023/0.46971;0.375072;0.822382/
0.589343/0.664663/0.7022/0.122715/
0.790582;0.912229/0.931028;0.945769/
0.521592;0.933348;0.781915;0.980499/0.665059;0.730766;0.79397;0.467483/0.425428;0.412427;0.979949;0.85931/
0.472976/0.383831/0.373669/0.802881/0.121342/
0.441084;0.876553/0.225593;0.194159/
0.795343;0.308573;0.806269;0.737693;0.560259/0.0715354;0.611774;0.235237;0.733604;0.328959/0.18128;0.479965;0.204047;0.110294;0.838893/
0.761803/0.815119/0.245308/0.515946/0.525529/0.0161748/
0.534349;0.864498/0.15537;0.13361/
0.0616169;0.942869;0.0430921;0.791375;0.0571306;0.254952/0.595447;0.513932;0.21366;0.424238;0.33723;0.0416883/0.865047;0.283517;0.766533;0.39082;0.932218;0.662313/
0.117832/0.188147/0.0428479/0.652547/0.690115/0.312998/0.731376/
0.634174;0.894862/0.376811;0.124819/
0.841548;0.681844;0.0718996;0.0218476;0.752281;0.497543;0.92056/0.770257;0.0795307;0.433391;0.45576;0.84936;0.64922;0.71929/0.365093;0.564317;0.942928;0.219576;0.628315;0.757561;0.588274/
0.0868757/0.180721/0.944019/0.577954/0.230434/0.132898/0.776746/0.498203/
0.754147;0.0768437/0.247503;0.546849/
0.027086;0.520722;0.53615;0.633578;0.526883;0.951354;0.895401;0.307912/0.128327;0.607051;0.505372;0.860277;0.996393;0.442363;0.681999;0.300378/0.709577;0.346019;0.352168;0.564716;0.819906;0.132523;0.208883;0.676467/
0.440925/0.335104/0.433029/0.185217/0.104729/0.357336/0.429678/0.645419/0.445856/
0.401026;-0.479335/-0.16764;0.0481441/
0.387138;0.102437;0.281583;0.14951;-0.0163944;-0.328125;0.616002;-0.0211786;0.472937/0.865393;0.884349;0.35065;0.30917;0.48524;0.40402;0.250424;0.469019;0.267698/0.261321;0.333386;0.0776641;0.0908252;0.199356;0.237147;-0.0384186;0.193899;0.000918838/
3.97345e-17/-2.32808e-17/-1.86521e-17/-2.43094e-18/-9.17207e-18/1.23046e-17/-5.93072e-19/-1.86116e-17/5.86116e-20/-3.17016e-06/
