0.258564
0.587712
0.284418
0.777757
0.724927
0.615375
0.633725
0.241392
0.599722
0.591846
0.543987
0.397111
0.86138
0.151355
0.648531
0.58706
0.561134
0.430252
0.819597
0.185213
0.636276
0.581916
0.550834
0.415453
0.830015
0.192592
0.637804
0.576174
0.54536
0.640471
0.303447
0.560476
0.597147
0.545039
0.215018
0.77219
0.424884
0.386621
0.24792
0.944784
0.173366
0.635393
0.581479
0.55843
0.429793
0.803936
0.228808
0.626836
0.561586
0.526229
0.386829
0.840679
0.222265
0.633604
0.556909
0.524818
0.387857
0.834009
0.233611
0.631522
0.551656
0.518604
0.381199
0.834924
0.241152
0.631251
0.546225
0.513081
0.653148
0.340072
0.558743
0.567666
0.513613
0.250586
0.773843
0.385611
0.35321
0.225637
0.0757971
1.02719
0.197082
0.62926
0.561182
0.542311
0.418869
0.782981
0.279106
0.617588
0.528211
0.489834
0.665262
0.348326
0.56014
0.549544
0.496642
0.350241
0.842298
0.260202
0.631523
0.51845
0.486852
0.354236
0.824475
0.277157
0.624327
0.514771
0.481414
0.348502
0.821821
0.28502
0.625053
0.508204
0.475256
0.343247
0.817467
0.293682
0.62561
0.502052
0.469418
0.651088
0.379181
0.558051
0.524981
0.472323
0.29513
0.762379
0.343317
0.318174
0.205141
0.894608
0.285561
0.607467
0.512339
0.483308
0.355224
0.790458
0.315919
0.616268
0.487631
0.452459
0.319973
0.808441
0.317324
0.622199
0.483666
0.451016
0.319453
0.796491
0.328832
0.625525
0.477942
0.445241
0.312849
0.788535
0.338908
0.630708
0.472321
0.440136
0.626388
0.4145
0.568471
0.493663
0.440558
0.33226
0.768412
0.313905
0.296199
0.188285
0.0611024
0.934166
0.320512
0.599568
0.501584
0.473825
0.341187
0.746445
0.362557
0.624648
0.457625
0.420951
0.623281
0.421354
0.569979
0.479831
0.425282
0.274623
0.77691
0.35676
0.641613
0.453085
0.421852
0.283208
0.74424
0.377234
0.644206
0.447157
0.414391
0.273083
0.73104
0.389513
0.653019
0.43981
0.408148
0.265562
0.714821
0.402464
0.660733
0.432209
0.401387
0.558096
0.461698
0.599269
0.447399
0.39253
0.381447
0.781083
0.27439
0.269837
0.166093
0.770519
0.396675
0.58185
0.459387
0.41444
0.258396
0.717401
0.397558
0.627082
0.420802
0.382693
0.231463
0.703013
0.410693
0.63055
0.416088
0.378188
0.224433
0.681099
0.421491
0.638058
0.405629
0.368868
0.213903
0.6614
0.431178
0.641426
0.395925
0.359703
0.514964
0.469085
0.585271
0.400943
0.340162
0.38127
0.747334
0.227777
0.233313
0.13581
0.023768
0.767612
0.406025
0.503731
0.453414
0.387004
0.2038
0.669518
0.388477
0.588818
0.377462
0.330742
0.519144
0.421133
0.541335
0.379809
0.309759
0.137489
0.648129
0.377178
0.570084
0.376036
0.323179
0.151159
0.602772
0.382323
0.578238
0.351612
0.302351
0.134085
0.574961
0.384278
0.569183
0.336309
0.286206
0.118434
0.551523
0.379568
0.556402
0.320583
0.269412
0.440057
0.377256
0.513691
0.304732
0.236307
0.274752
0.615943
0.144927
0.161632
0.0803798
0.568213
0.30778
0.383609
0.357595
0.244503
0.0489412
0.56761
0.270649
0.436155
0.304695
0.22235
0.0498054
0.497995
0.272854
0.445348
0.268478
0.198207
0.0408299
0.454775
0.263802
0.435126
0.244686
0.178919
0.0313507
0.423987
0.246554
0.417792
0.225414
0.161578
0.355828
0.224582
0.396179
0.195911
0.134064
0.149008
0.437947
0.0632974
0.0855343
0.0378113
0.0118175
0.401234
0.181847
0.285097
0.258811
0.132613
0.0240974
0.397039
0.149159
0.317745
0.188744
0.112743
0.319857
0.153256
0.318061
0.137781
0.0870698
0.00291045
0.319231
0.142387
0.290835
0.159281
0.0882315
0.0141382
0.304162
0.125635
0.284497
0.140781
0.0801054
0.012222
0.28361
0.117377
0.272895
0.128523
0.0719533
0.0130366
0.267484
0.107082
0.26107
0.119278
0.0652132
0.243948
0.0958427
0.256042
0.0889908
0.0534535
0.0657176
0.263821
0.0148199
0.0325799
0.0147445
0.240458
0.0775299
0.209189
0.128646
0.0498004
0.0306211
0.241459
0.0714305
0.211899
0.0992384
0.0461262
0.0192094
0.224573
0.0735531
0.205262
0.091454
0.0416597
0.0186688
0.213865
0.0672969
0.19905
0.086531
0.0386571
0.018526
0.204555
0.0624125
0.193116
0.08132
0.035857
0.193113
0.0568056
0.1933
0.0510065
0.0294687
0.0403554
0.195171
0.00680158
0.018729
0.008084
0.00436516
0.187683
0.0468519
0.165954
0.0950056
0.0294185
0.0292829
0.187086
0.0456488
0.167774
0.0690279
0.0275327
0.175881
0.0461532
0.168588
0.0395523
0.0222057
0.00671825
0.169258
0.0469912
0.157639
0.0666829
0.0232405
0.0196354
0.166439
0.0403558
0.155112
0.061011
0.0224576
0.017459
0.160821
0.0394827
0.151546
0.0578644
0.0210608
0.0168348
0.15596
0.0374614
0.148078
0.0556064
0.0198893
0.150951
0.0344136
0.149389
0.0281825
0.0167824
0.0252687
0.148811
0.0053713
0.0116823
0.00375834
0.146459
0.0282396
0.134756
0.0595412
0.0161984
0.0207076
0.145424
0.0306817
0.133656
0.0502805
0.016145
0.0162841
0.141043
0.0304934
0.131147
0.0479949
0.0151834
0.0157472
0.137482
0.0289763
0.128711
0.0465324
0.0144656
0.0154774
0.134177
0.0277772
0.126378
0.0449781
0.0137969
0.131118
0.0256578
0.127935
0.0191621
0.0120331
0.019111
0.126914
0.00509117
0.00879382
0.00200117
0.00335047
0.127418
0.0213481
0.116827
0.0526332
0.0114629
0.0202255
0.126763
0.0233464
0.11661
0.041482
0.0116657
0.123718
0.0226351
0.118274
0.0154976
0.0102078
0.0026203
0.119693
0.024639
0.112485
0.0395823
0.00997577
0.0146941
0.118655
0.0211921
0.111066
0.0383466
0.0100753
0.0140785
0.116321
0.0210481
0.109467
0.0368196
0.00966333
0.0135636
0.114125
0.0203813
0.107864
0.0358864
0.00927653
0.1124
0.0188562
0.109339
0.0123484
0.00862692
0.0142647
0.108145
0.00509786
0.00656452
0.000611894
0.10972
0.0155154
0.102197
0.0364711
0.00767451
0.0144569
0.108774
0.0183127
0.101094
0.0339716
0.00792714
0.0131323
0.106882
0.0177651
0.0998548
0.0327171
0.00762342
0.0126804
0.105106
0.0172301
0.0985888
0.0319945
0.00734526
0.0124766
0.103424
0.0167505
0.0973582
0.0312957
0.00708839
0.102237
0.0155211
0.0987558
0.0090705
0.00700731
0.0118285
0.0975887
0.00502192
0.00539033
3.31243e-05
0.00270756
0.0998079
0.0129765
0.0925429
0.0359655
0.00572685
0.0152445
0.099335
0.0150235
0.0921517
0.0301488
0.00621288
0.0981795
0.0141866
0.0936511
0.00711432
0.00632248
0.000716429
0.0955364
0.0159722
0.0900596
0.0272883
0.00535539
0.0111783
0.0949439
0.0138404
0.0890618
0.0281594
0.0055007
0.01156
0.0936831
0.0137913
0.0881353
0.0273376
0.00535827
0.0112306
0.0924277
0.0134858
0.0872052
0.0267994
0.0051864
0.0916759
0.012494
0.0884568
0.00623224
0.00563096
0.00960712
0.0873569
0.00494519
0.00432181
0.000589684
0.0898949
0.0102913
0.0841049
0.0259435
0.00434564
0.0110255
0.0891656
0.0127072
0.0832415
0.0257942
0.00451451
0.0108895
0.0880994
0.0121707
0.0824778
0.0251172
0.0044021
0.010613
0.0870277
0.0119252
0.0816958
0.0246698
0.00426922
0.0104578
0.0859967
0.0116795
0.0809282
0.0242701
0.00414303
0.0854514
0.0108226
0.0820893
0.00470885
0.00488381
0.00835873
0.081063
0.00483459
0.0036972
0.000863947
0.00221177
0.0837163
0.00907446
0.0780154
0.0272806
0.00319224
0.0122282
0.0833702
0.0108676
0.0776511
0.0239219
0.00366492
0.0828657
0.010082
0.0789022
0.00340405
0.00457664
0.000183326
0.0809873
0.011566
0.07644
0.0203954
0.00324931
0.00881958
0.0805735
0.0101022
0.0756728
0.022307
0.00329687
0.00975378
0.079779
0.010071
0.075047
0.0219537
0.0032416
0.00960761
0.0789607
0.0098981
0.0744313
0.0216083
0.00315395
0.0785987
0.00916698
0.0754756
0.00327206
0.00418326
0.00712224
0.074534
0.00470858
0.00308057
0.00111487
0.0773072
0.00755622
0.0724787
0.0200963
0.00269817
0.00892657
0.0767432
0.00959461
0.0718082
0.020874
0.00276317
0.00929053
0.0760474
0.00912022
0.0712753
0.0205598
0.00271284
0.00915971
0.0753238
0.00898919
0.0707374
0.0202655
0.00264131
0.0090467
0.0746197
0.00884271
0.0702073
0.0200042
0.00257028
0.0743529
0.00818706
0.0711779
0.00245471
0.00377023
0.00637879
0.0703031
0.00458307
0.00269939
0.0012376
0.001834
0.0730333
0.00687701
0.0682485
0.0219781
0.00185613
0.010214
0.0727688
0.00842616
0.0679328
0.0199534
0.0022595
0.0725425
0.00771772
0.0689753
0.00150555
0.00362145
0.000636209
0.0711287
0.0089543
0.0671711
0.0160448
0.00212918
0.00717885
0.0708099
0.00787751
0.0665531
0.0184745
0.00206835
0.00841054
0.0702576
0.00785218
0.0660888
0.0184576
0.00203543
0.00841774
0.0696779
0.00773929
0.0656448
0.0182428
0.0019856
0.0695015
0.00716108
0.0665271
0.00163675
0.00335813
0.00560314
0.0657248
0.0044437
0.00230387
0.00135462
0.0685072
0.00590624
0.0643013
0.0164197
0.00175839
0.00752187
0.0680602
0.00764294
0.0637691
0.0175879
0.00174326
0.00810908
0.0675635
0.00722893
0.0633684
0.0175084
0.00171093
0.00808414
0.0670378
0.00715262
0.062971
0.0173173
0.0016681
0.00800754
0.0665223
0.00705595
0.0625795
0.0171343
0.00162444
0.0663947
0.00652579
0.0634046
0.00115283
0.00310124
0.00511573
0.0626562
0.00432208
0.00205062
0.00140875
0.00154331
0.0653454
0.00548779
0.0611688
0.0184065
0.00107128
0.00877272
0.0651354
0.00683737
0.0608969
0.0171864
0.00140079
0.0650443
0.00620226
0.0617764
0.000441321
0.00302693
0.000871474
0.0639346
0.00724735
0.0603905
0.0130793
0.0014708
0.00599004
0.0636755
0.00641608
0.0598778
0.0157574
0.00131797
0.00737647
0.063265
0.0063943
0.0595118
0.0159861
0.00128164
0.00750458
0.0628302
0.006313
0.059172
0.0158736
0.00124865
0.062752
0.00583519
0.059929
0.00065486
0.00283307
0.00458827
0.0592398
0.00418103
0.00177923
0.0014582
0.0619537
0.00481508
0.0581901
0.0139059
0.00117007
0.0065173
0.0615905
0.00631651
0.0577573
0.0152367
0.00109746
0.0072046
0.0612141
0.00595315
0.0574408
0.0153134
0.00106665
0.00725476
0.0608122
0.00590657
0.0571322
0.0151981
0.00103757
0.0072089
0.0604159
0.00583792
0.056829
0.0150664
0.00100874
0.0603647
0.0053935
0.0575423
0.00034321
0.00266022
0.00424703
0.0568949
0.00407362
0.00160045
0.00148075
0.00131566
0.0595027
0.00453875
0.0557634
0.0158364
0.000575772
0.00768908
0.0593308
0.00572855
0.0555274
0.0151374
0.000838772
0.0593109
0.0051574
0.0562798
0.000191504
0.00262213
0.000992382
0.0584121
0.00605385
0.0551775
0.0109454
0.00105566
0.00509791
0.0581943
0.00538896
0.0547429
0.0137259
0.000830161
0.00655756
0.0578743
0.00537014
0.0544423
0.0141355
0.000780192
0.00677877
0.0575341
0.00530746
0.0541708
0.0141073
0.000753317
0.0575118
0.00490074
0.0548296
3.19015e-05
0.00247162
0.0038668
0.0542311
0.00393283
0.00140577
0.0014916
0.0568508
0.00404569
0.0534211
0.0120812
0.000777134
0.00576246
0.0565493
0.00536194
0.0530614
0.0134699
0.000663682
0.00649083
0.0562518
0.0050399
0.0528027
0.0136533
0.000628095
0.00659446
0.0559327
0.00501098
0.052554
0.0135961
0.000605226
0.00657426
0.0556169
0.00495948
0.0523107
0.0135015
0.000584784
0.0556103
0.0045774
0.0529364
0.000186897
0.00234927
0.00361638
0.0523699
0.00384478
0.0012732
0.00150095
0.00113404
0.0548844
0.00385348
0.0514771
0.0138972
0.000246671
0.00684371
0.0547403
0.00491449
0.0512702
0.0135534
0.000452487
0.0547597
0.00439795
0.0519224
0.000582158
0.00232795
0.00104974
0.0540139
0.00517723
0.0510218
0.00934642
0.000779914
0.00440871
0.0538265
0.00463085
0.0506472
0.012148
0.000498466
0.00589396
0.053568
0.00461466
0.0503931
0.0126915
0.000431391
0.00618617
0.0532933
0.00456395
0.0501691
0.012734
0.000404819
0.0533041
0.00421037
0.0507493
0.000378297
0.00220771
0.00332989
0.0502243
0.00370318
0.00112952
0.00148713
0.0527439
0.00347694
0.0495774
0.0106965
0.000502032
0.00517346
0.052489
0.00464503
0.0492729
0.0120923
0.000359332
0.00591318
0.0522464
0.00435675
0.0490558
0.0123504
0.000316798
0.00605529
0.0519858
0.00433901
0.0488498
0.0123391
0.000296116
0.00605649
0.0517271
0.00429871
0.0486492
0.012273
0.000280423
0.0517475
0.00396403
0.0492047
0.000546996
0.0021186
0.00313957
0.0487038
0.0036367
0.00102685
0.00149301
0.000986667
0.0511245
0.00333768
0.0479793
0.0123812
1.98915e-05
0.0061652
0.0510012
0.00429346
0.047796
0.0122885
0.000177202
0.0510429
0.00382347
0.0483679
0.000828413
0.00210343
0.00107038
0.0504119
0.00450877
0.0476163
0.00811019
0.000589234
0.00386334
0.050248
0.00405013
0.0472892
0.0108865
0.000265221
0.00534596
0.0500334
0.00403626
0.0470697
0.0115295
0.000180601
0.00569204
0.049806
0.00399382
0.0468801
0.0116317
0.000151127
0.0498369
0.00368154
0.0473965
0.000655111
0.00200607
0.00291606
0.0469315
0.00349261
0.000919116
0.00146183
0.0493535
0.00304101
0.046401
0.00960882
0.000302476
0.00470009
0.0491346
0.00408855
0.0461391
0.0109869
0.000138604
0.00543579
0.048932
0.0038281
0.0459533
0.0112983
8.86578e-05
0.00560595
0.0487142
0.0038178
0.0457789
0.0113238
6.7943e-05
0.00562502
0.0484978
0.00378519
0.0456099
0.0112809
5.4821e-05
0.048535
0.0034878
0.0461082
0.000798138
0.00194059
0.00276751
0.045661
0.00344822
0.000836263
0.00146956
0.00086526
0.0479919
0.00293673
0.0450601
0.0111628
0.000140689
0.0056082
0.0478847
0.00380526
0.0448962
0.011253
2.44445e-05
0.0479391
0.00337513
0.0454026
0.000984551
0.00192554
0.00106929
0.0473968
0.00398379
0.0447646
0.00713017
0.000453085
0.00342307
0.0472516
0.00359216
0.0444757
0.00985497
9.69355e-05
0.00488625
0.0470695
0.00358034
0.0442829
0.0105718
4.32201e-06
0.005273
0.0468774
0.0035439
0.0441194
0.0107246
3.84313e-05
0.0469207
0.00326473
0.044583
0.000844663
0.00184639
0.00258813
0.0441678
0.0033002
0.000755105
0.00142518
0.0464975
0.0026972
0.0437233
0.00873103
0.00015371
0.00431057
0.0463071
0.0036451
0.0434951
0.0100793
2.56481e-05
0.0050343
0.0461346
0.00340787
0.0433334
0.0104293
8.27544e-05
0.00522512
0.0459493
0.00340269
0.0431832
0.010485
0.000104743
0.00525919
0.0457649
0.00337558
0.0430383
0.0104612
0.000116657
0.0458128
0.00310832
0.0434893
0.000976531
0.00179882
0.00246976
0.0430867
0.0032775
0.00068555
0.00143765
0.000763913
0.0453333
0.00261691
0.0425793
0.0101619
0.000256695
0.0051425
0.045239
0.00341213
0.0424315
0.010388
0.000175313
0.0453003
0.00301637
0.042884
0.00108245
0.00178039
0.00105522
0.044828
0.00356159
0.0423345
0.00633718
0.000353296
0.00306161
0.0446981
0.00322243
0.042077
0.00899595
2.6922e-05
0.00449542
0.044541
0.0032124
0.0419055
0.0097674
0.000143358
0.0049127
0.044376
0.00318053
0.0417622
0.0099631
0.000182975
0.0444269
0.00292851
0.0421815
0.000975207
0.00171625
0.00232238
0.0418081
0.00312448
0.000624838
0.00138263
0.0440519
0.00241969
0.0414291
0.0080069
4.04076e-05
0.00398385
0.0438845
0.00328407
0.0412279
0.00932002
0.000150372
0.00469163
0.0437353
0.00306645
0.0410855
0.0096982
0.000214108
0.00489778
0.0435752
0.0030649
0.0409542
0.00977885
0.000238058
0.00494454
0.043416
0.00304186
0.0408282
0.00977141
0.000249642
0.0434704
0.00279946
0.0412394
0.00110473
0.00168298
0.0022265
0.0408743
0.00312254
0.000564213
0.00140134
0.000678325
0.0430427
0.00235639
0.0404395
0.00932461
0.000341714
0.00474718
0.0429588
0.00308923
0.0403053
0.00965346
0.000290058
0.0430235
0.00272333
0.0407126
0.00114169
0.00165914
0.00103342
0.0426078
0.00321534
0.0402337
0.00568448
0.000278546
0.00276052
0.0424904
0.00291816
0.0400023
0.00826971
0.000119495
0.00415933
0.042353
0.00290967
0.0398483
0.00908127
0.000249487
0.0045993
0.0422094
0.00288139
0.0397211
0.00931343
0.000294967
0.0422647
0.00265208
0.0401028
0.00106479
0.00160769
0.00210301
0.0397648
0.00296386
0.000519752
0.00133741
0.0419292
0.00219139
0.039437
0.00739867
4.73622e-05
0.00370543
0.0417805
0.00298487
0.0392579
0.00867471
0.00024661
0.00439544
0.0416499
0.002784
0.039131
0.00907375
0.000316361
0.00461305
0.0415099
0.00278508
0.0390149
0.0091753
0.000342634
0.00467059
0.0413706
0.00276514
0.0389039
0.00918201
0.000354468
0.0414291
0.00254359
0.0392814
0.00119737
0.00158631
0.00202431
0.0389482
0.00298145
0.000465055
0.00136306
0.000605307
0.0410441
0.00214043
0.0385709
0.00861375
0.000404621
0.00440731
0.0409687
0.00281962
0.0384483
0.00902125
0.000378438
0.0410348
0.00247984
0.0388173
0.00117472
0.00155592
0.00100716
0.0406654
0.0029267
0.0383957
0.00513942
0.00022151
0.0025066
0.0405587
0.00266369
0.0381864
0.00764791
0.000189504
0.00386746
0.040437
0.00265653
0.0380468
0.00848846
0.000331446
0.00432401
0.0403105
0.00263116
0.0379326
0.00875161
0.000382838
0.0403683
0.00242113
0.0382821
0.00112534
0.00151538
0.00191908
0.0379744
0.0028168
0.000433867
0.00129146
0.0400655
0.00200053
0.0376874
0.00688005
0.000116278
0.00346499
0.0399324
0.00273318
0.0375266
0.00811902
0.000321812
0.00413666
0.0398167
0.00254675
0.0374125
0.0085335
0.000396968
0.00436282
0.039693
0.00254977
0.0373088
0.00865273
0.000425734
0.00442959
0.0395699
0.00253225
0.0372101
0.00867183
0.000438203
0.0396307
0.00232846
0.0375584
0.00126425
0.00150419
0.00185381
0.0372527
0.00285258
0.000382993
0.00132426
0.000542452
0.0392816
0.00195874
0.0369219
0.00800252
0.000451403
0.00411191
0.0392134
0.00259132
0.0368092
0.00847078
0.00044716
0.0392795
0.00227455
0.0371456
0.00118974
0.00146668
0.000978502
0.0389485
0.00268271
0.036771
0.00467858
0.000177296
0.00229013
0.0388509
0.00244795
0.0365805
0.00710974
0.000242907
0.00361176
0.0387421
0.00244194
0.0364531
0.00797068
0.000395296
0.00408015
0.0386296
0.00241897
0.0363497
0.00826021
0.000452464
0.0386884
0.00222552
0.0366714
0.00116498
0.00143561
0.00176283
0.0363898
0.00268185
0.000362888
0.00124594
0.0384133
0.00183878
0.0361358
0.00643217
0.000170975
0.00325502
0.0382932
0.00251872
0.0359904
0.00763506
0.000381159
0.00390843
0.0381899
0.00234486
0.0358871
0.00806095
0.000461148
0.00414096
0.0380796
0.00234932
0.0357936
0.00819527
0.000492461
0.00421568
0.0379698
0.00233373
0.0357051
0.00822535
0.000505824
0.0380318
0.00214526
0.0360281
0.00131213
0.00143338
0.00170823
0.0357461
0.00273444
0.000314343
0.0012858
0.000487914
0.0377131
0.00180395
0.0354535
0.00747124
0.000486214
0.00385274
0.0376509
0.00239567
0.0353494
0.00798674
0.000500959
0.0377161
0.00209932
0.0356576
0.00119223
0.00138852
0.000948754
0.0374176
0.00247399
0.0353223
0.00428471
0.000142546
0.0021038
0.0373278
0.00226289
0.035148
0.00663957
0.00028388
0.00338606
0.0372297
0.00225788
0.035031
0.00751425
0.000445349
0.00386255
0.0371287
0.00223692
0.0349367
0.00782622
0.000508048
0.0371878
0.00205788
0.0352341
0.00118934
0.00136577
0.00162857
0.0349751
0.00255773
0.000303662
0.00120156
0.0369363
0.00170008
0.0347485
0.00604115
0.000214752
0.00306987
0.0368272
0.00233396
0.0346161
0.00720945
0.000428345
0.00370549
0.0367342
0.00217113
0.0345218
0.00764371
0.00051265
0.00394273
0.036635
0.00217668
0.0344369
0.007791
0.000546492
0.00402431
0.0365364
0.00216265
0.0343569
0.00783089
0.000560918
0.0365988
0.00198752
0.0346579
0.00134578
0.00137154
0.00158258
0.0343966
0.00262578
0.000256376
0.00124822
0.000440257
0.0363062
0.00167061
0.0341356
0.00700512
0.000512002
0.00362348
0.0362491
0.00222626
0.0340391
0.00755746
0.000543253
0.036313
0.00194811
0.0343227
0.00118597
0.00131931
0.00091876
0.036042
0.00229358
0.0340207
0.0039449
0.000114902
0.00194207
0.035959
0.00210252
0.0338604
0.00622543
0.000315412
0.00318546
0.0358699
0.00209836
0.0337523
0.00710866
0.000484739
0.00366711
0.0357787
0.00207913
0.0336657
0.00743971
0.000552666
0.0358373
0.00191274
0.0339418
0.00120245
0.00130392
0.00151207
0.0337028
0.0024433
0.00025383
0.00115871
0.0356061
0.00157994
0.0334989
0.00569655
0.000250017
0.00290524
0.0355065
0.00217324
0.0333777
0.00683196
0.000466063
0.00352372
0.0354222
0.00202017
0.0332911
0.00727227
0.00055422
0.00376439
0.0353324
0.00202654
0.0332136
0.00743076
0.000590532
0.00385194
0.0352432
0.0020138
0.0331407
0.00747947
0.000606132
0.0353054
0.00185039
0.0334222
0.00136864
0.00131693
0.00147312
0.0331792
0.0025255
0.000207032
0.0012118
0.000398349
0.0350354
0.00155466
0.0329448
0.00659281
0.000530901
0.00341922
0.0349828
0.00207823
0.0328549
0.00717391
0.00057656
0.035045
0.0018164
0.0331171
0.00117359
0.00125746
0.000889058
0.0347976
0.00213622
0.0328433
0.00364926
9.26733e-05
0.00180063
0.0347206
0.0019623
0.0326953
0.00585802
0.000339685
0.0030061
0.0346392
0.00195889
0.032595
0.0067457
0.000515783
0.00349059
0.0345562
0.00194115
0.0325151
0.00709298
0.00058861
0.0346141
0.00178595
0.0327722
0.0012072
0.00124862
0.00141009
0.0325508
0.00233754
0.000211593
0.00111759
0.0344005
0.00147492
0.0323661
0.00539038
0.000278557
0.00275779
0.0343091
0.00203224
0.0322545
0.00649465
0.000496313
0.00335988
0.0342322
0.00188786
0.0321747
0.0069392
0.00058791
0.00360297
0.0341504
0.00189485
0.0321034
0.00710744
0.000626608
0.00369573
0.0340692
0.00188319
0.0320367
0.00716413
0.000643449
0.0341308
0.00173017
0.0323008
0.00138324
0.00126825
0.00137695
0.032074
0.00243267
0.000164731
0.00117671
0.000361286
0.0338806
0.00145297
0.0318623
0.00622546
0.000544484
0.00323606
0.0338319
0.00194784
0.0317782
0.00682895
0.000602766
0.0338922
0.00170072
0.0320214
0.00115697
0.00120175
0.00085999
0.0336654
0.00199784
0.0317719
0.00339014
7.46267e-05
0.0016761
0.0335936
0.00183873
0.0316348
0.00552996
0.000358317
0.00284485
0.0335187
0.00183596
0.0315414
0.00641888
0.000540229
0.00333032
0.0334428
0.00181953
0.0314672
0.00677993
0.000617615
0.0334996
0.00167429
0.0317075
0.00120571
0.00119877
0.00132013
0.0315016
0.00223958
0.000175563
0.00107831
0.0333015
0.0013824
0.0313333
0.00511637
0.000301723
0.00262487
0.0332173
0.00190762
0.0312302
0.00619123
0.000520605
0.00321136
0.0331467
0.00177101
0.0311563
0.00663862
0.000615277
0.00345607
0.0330718
0.00177848
0.0310904
0.00681538
0.000656263
0.0035534
0.0329975
0.00176772
0.031029
0.00687932
0.000674383
0.0330584
0.00162397
0.0312776
0.00139144
0.00122448
0.00129186
0.0310652
0.00234648
0.000128241
0.00114302
0.000328338
0.0328255
0.00136313
0.0308729
0.00589606
0.000553927
0.00307088
0.0327802
0.00183216
0.0307941
0.00651689
0.000623307
0.0328386
0.00159836
0.0310205
0.00113744
0.00115123
0.000831767
0.0326296
0.0018753
0.030792
0.00316151
5.98477e-05
0.00156578
0.0325626
0.00172906
0.0306644
0.00523535
0.000372523
0.00269915
0.0324934
0.00172686
0.0305771
0.00612298
0.000559406
0.00318415
0.0324236
0.00171157
0.030508
0.00649569
0.000641018
0.0324791
0.00157527
0.0307332
0.00119956
0.0011535
0.00124024
0.0305413
0.00214863
0.000144651
0.00104089
0.0322946
0.00130032
0.0303871
0.00486958
0.000320552
0.00250437
0.0322167
0.00179672
0.0302914
0.0059167
0.000540098
0.00307604
0.0321516
0.00166712
0.0302225
0.00636582
0.000637522
0.00332174
0.0320827
0.00167494
0.0301614
0.00655005
0.00068069
0.00342308
0.0320144
0.00166496
0.0301046
0.00662061
0.000700108
0.0320743
0.00152952
0.0303393
0.00139467
0.00118484
0.00121606
0.0301398
0.00226623
9.6591e-05
0.00111075
0.000298912
0.0318568
0.00128321
0.0299642
0.00559901
0.000560122
0.00292116
0.0318145
0.00172888
0.0298901
0.0062331
0.000639287
0.0318709
0.00150719
0.0301015
0.00111596
0.00110513
0.000804511
0.0316776
0.00176608
0.0298914
0.00295856
4.76486e-05
0.00146751
0.0316148
0.00163113
0.0297724
0.00496941
0.000383229
0.00256691
0.0315506
0.00162941
0.0296905
0.00585375
0.000574346
0.00305029
0.0314862
0.00161514
0.0296259
0.00623631
0.000659859
0.0315404
0.00148689
0.0298376
0.00118994
0.00111215
0.00116886
0.029658
0.00206401
0.000117995
0.0010053
0.031368
0.00122703
0.0295161
0.00464606
0.00033585
0.00239457
0.0312955
0.00169743
0.0294269
0.005667
0.000555691
0.00295216
0.0312353
0.00157417
0.0293626
0.00611696
0.00065558
0.00319836
0.0311717
0.00158226
0.0293057
0.00630777
0.000700825
0.00330322
0.0311086
0.00157295
0.0292529
0.0063844
0.00072154
0.0311674
0.00144502
0.0294751
0.00139402
0.0011487
0.00114814
0.0292872
0.00219131
6.90047e-05
0.00107989
0.00027252
0.0309636
0.00121171
0.0291262
0.00532975
0.000563754
0.00278481
0.030924
0.00163614
0.0290563
0.00597382
0.00065157
0.0309784
0.00142549
0.0292543
0.00109325
0.00106285
0.000778288
0.030799
0.00166817
0.0290603
0.00277742
3.75062e-05
0.00137953
0.0307399
0.00154317
0.0289489
0.00472823
0.000391151
0.0024464
0.0306802
0.00154188
0.0288719
0.00560769
0.000585852
0.00292722
0.0306204
0.00152853
0.0288112
0.00599852
0.000674956
0.0306732
0.00140756
0.0290107
0.00117773
0.00107416
0.00110471
0.0288423
0.0019851
9.49052e-05
0.000971482
0.0305116
0.00116121
0.0287111
0.00444257
0.000348251
0.00229407
0.0304441
0.00160806
0.0286278
0.00543879
0.000568091
0.0028383
0.0303881
0.00149057
0.0285675
0.00588889
0.000670189
0.00308458
0.0303291
0.00149885
0.0285142
0.00608551
0.000717406
0.00319257
0.0302706
0.00149013
0.028465
0.00616771
0.000739408
0.0303282
0.00136901
0.0286758
0.00139031
0.00111557
0.00108696
0.0284984
0.00212121
4.48566e-05
0.00105039
0.000248758
0.0301367
0.00114737
0.0283502
0.00508454
0.000565352
0.00266013
0.0300995
0.00155243
0.0282841
0.00573593
0.000660835
0.030152
0.0013519
0.02847
0.00106982
0.00102389
0.000753121
0.0299849
0.00157993
0.0282903
0.00261495
2.90171e-05
0.00130039
0.0299293
0.00146378
0.0281858
0.00450856
0.000396844
0.00233616
0.0298734
0.00146285
0.0281132
0.00538191
0.00059456
0.0028137
0.0298177
0.00145032
0.028056
0.00577966
0.000686964
0.0298691
0.00133597
0.0282444
0.00116362
0.0010391
0.00104679
0.0280862
0.00191138
7.48224e-05
0.000939366
0.0297173
0.00110181
0.0279644
0.00425648
0.000358259
0.0022017
0.0296541
0.00152723
0.0278862
0.00522933
0.000577858
0.00273325
0.0296019
0.00141499
0.0278295
0.005679
0.00068194
0.00297928
0.0295469
0.00142342
0.0277796
0.00588076
0.000731024
0.00309002
0.0294925
0.00141521
0.0277335
0.0059681
0.000754297
0.029549
0.0013003
0.0279339
0.0013842
0.00108503
0.00103158
0.0277661
0.00205545
2.36368e-05
0.00102221
0.000227286
0.0293685
0.00108921
0.0276291
0.00486028
0.000565332
0.00254566
0.0293334
0.00147651
0.0275665
0.00551681
0.000667623
0.0293841
0.00128529
0.0277415
0.00104605
0.000987846
0.00072901
0.029228
0.00150004
0.0275744
0.00246855
2.18678e-05
0.00122892
0.0291755
0.00139176
0.0274761
0.0043077
0.000400743
0.00223496
0.0291231
0.00139116
0.0274075
0.00517397
0.000600974
0.00270864
0.0290711
0.00137937
0.0273535
0.00557745
0.000696404
0.029121
0.00127108
0.0275318
0.00114813
0.0010066
0.000994238
0.0273828
0.00184238
5.72918e-05
0.000908871
0.0289779
0.00104794
0.0272694
0.00408558
0.000366278
0.00211648
0.0289187
0.00145377
0.0271958
0.00503633
0.000585442
0.00263599
0.0288699
0.00134636
0.0271424
0.00548511
0.000691306
0.00288151
0.0288185
0.00135488
0.0270953
0.00569143
0.000742158
0.00299469
0.0287677
0.00134713
0.0270521
0.00578352
0.000766677
0.0288229
0.00123789
0.027243
0.0013762
0.00105676
0.00098123
0.0270839
0.00199363
4.92667e-06
0.000995285
0.000207821
0.0286525
0.00103638
0.0269569
0.0046544
0.000564022
0.00244021
0.0286194
0.00140736
0.0268975
0.00531427
0.000672369
0.0286682
0.00122471
0.0270625
0.00102221
0.000954367
0.000705936
0.028522
0.00142739
0.0269067
0.00233609
1.58118e-05
0.0011641
0.0284723
0.00132618
0.0268141
0.00412339
0.000403195
0.00214176
0.028423
0.00132586
0.0267491
0.00498182
0.000605502
0.00261114
0.0283743
0.00131474
0.0266979
0.00539001
0.000703703
0.0284228
0.00121199
0.026867
0.00113168
0.000976362
0.00094637
0.0267263
0.00177768
4.19394e-05
0.000879913
0.0282877
0.000998879
0.0266204
0.00392805
0.000372638
0.0020376
0.028232
0.00138675
0.0265511
0.00485786
0.000591208
0.00254565
0.0281862
0.00128378
0.0265005
0.00530538
0.000698672
0.00279044
0.0281381
0.00129236
0.0264561
0.00551575
0.000751196
0.00290578
0.0280905
0.00128501
0.0264155
0.00561223
0.000776934
0.0281445
0.00118099
0.0265976
0.00136672
0.00103047
0.000935268
0.0264465
0.00193541
1.16207e-05
0.000969555
0.000190122
0.0279832
0.000988214
0.0263284
0.00446472
0.000561682
0.00234276
0.0279517
0.00134413
0.0262719
0.00512646
0.000675424
0.0279989
0.00116941
0.0264278
0.000998516
0.00092317
0.000683869
0.0278616
0.00136106
0.0262822
0.00221578
1.0654e-05
0.00110511
0.0278144
0.00126621
0.0261947
0.00395369
0.000404475
0.00205568
0.027768
0.00126613
0.026133
0.00480371
0.000608471
0.0025204
0.0277222
0.00125563
0.0260844
0.00521571
0.000709207
0.0277693
0.00115798
0.0262451
0.00111456
0.000948129
0.000902597
0.026112
0.0017169
2.84553e-05
0.000852404
0.0276414
0.000954022
0.0260127
0.00378235
0.000377604
0.00196436
0.0275889
0.00132537
0.0259472
0.00469229
0.000595452
0.0024615
0.0275458
0.00122649
0.0258993
0.00513824
0.000704353
0.00270539
0.0275006
0.0012351
0.0258573
0.00535221
0.000758458
0.00282264
0.027456
0.00122812
0.0258189
0.00545277
0.000785385
0.0275087
0.0011289
0.0259931
0.00135608
0.00100593
0.000893155
0.0258493
0.00188047
2.62947e-05
0.000944958
0.000173983
0.0273557
0.000944121
0.0257391
0.00428941
0.00055852
0.00225242
0.0273258
0.0012861
0.0256853
0.00495178
0.000677074
0.0273713
0.00111873
0.0258329
0.000975113
0.000894011
0.000662774
0.0272421
0.00130028
0.0256965
0.00210611
6.23845e-06
0.00105125
0.0271973
0.00121117
0.0256136
0.00379699
0.000404803
0.00197594
0.0271534
0.00121132
0.0255549
0.00463814
0.000610149
0.00243575
0.0271102
0.00120137
0.0255088
0.00505318
0.0007132
0.027156
0.00110843
0.0256617
0.00109703
0.000921689
0.000862427
0.0255356
0.00165971
1.65817e-05
0.000826263
0.0270347
0.000912859
0.0254423
0.00364716
0.000381396
0.00189615
0.0269851
0.00126896
0.0253802
0.00453823
0.000598415
0.00238291
0.0269445
0.00117387
0.0253347
0.00498236
0.000708608
0.00262575
0.0269019
0.00118248
0.0252949
0.00519954
0.000764208
0.00274469
0.0268599
0.00117583
0.0252586
0.00530389
0.000792291
0.0269114
0.00108106
0.0254253
0.00134454
0.000982954
0.000854437
0.0252882
0.00182853
3.93382e-05
0.000921433
0.00015923
0.026766
0.000903619
0.0251852
0.00412688
0.000554703
0.00216845
0.0267376
0.00123267
0.0251338
0.00478888
0.000677553
0.0267815
0.00107212
0.0252739
0.000952106
0.000866681
0.00064261
0.0266596
0.00124439
0.0251457
0.0020058
2.43975e-06
0.0010019
0.0266169
0.00116051
0.0250671
0.00365186
0.000404358
0.0019019
0.0265754
0.00116084
0.0250112
0.00448383
0.000610755
0.00235658
0.0265346
0.00115141
0.0249672
0.00490122
0.000715918
0.0265791
0.00106282
0.025113
0.00107928
0.000896859
0.000825445
0.0249933
0.00160582
6.102e-06
0.000801406
0.0264638
0.00087496
0.0249054
0.00352136
0.000384195
0.00183247
0.0264168
0.00121694
0.0248465
0.00439447
0.000600301
0.00230933
0.0263784
0.00112537
0.0248033
0.00483659
0.000711652
0.00255099
0.0263382
0.00113398
0.0247654
0.00505661
0.000768665
0.00267144
0.0262986
0.00112762
0.024731
0.00516449
0.000797872
0.026349
0.00103697
0.0248908
0.00133231
0.000961368
0.000818727
0.0247599
0.00177934
5.09565e-05
0.000898922
0.000145711
0.0262104
0.000866295
0.0246634
0.00397578
0.000550367
0.00209019
0.0261834
0.00118332
0.0246143