0.0355495
0.964552
0.0382385
0.960419
0.0438386
0.954068
0.0517745
0.945366
0.0627437
0.93335
0.0783162
0.91623
0.101324
0.890932
0.136777
0.852391
0.193022
0.793713
0.280172
0.712033
0.395026
0.625861
0.494473
0.574466
0.531836
0.567248
0.524793
0.576754
0.511945
0.583194
0.507052
0.584138
0.507586
0.582932
0.509099
0.581913
0.509794
0.581537
0.509799
0.581463
0.509632
0.581393
0.509542
0.581249
0.509538
0.581064
0.509561
0.580874
0.509578
0.580691
0.509584
0.580513
0.509586
0.580336
0.509588
0.580157
0.509591
0.579977
0.509595
0.579797
0.509598
0.579616
0.509601
0.579434
0.509604
0.579252
0.509607
0.579069
0.509609
0.578887
0.509612
0.578703
0.509614
0.578519
0.509616
0.578334
0.509618
0.57815
0.50962
0.577964
0.509621
0.577778
0.509623
0.577591
0.509624
0.577405
0.509625
0.577217
0.509626
0.57703
0.509626
0.576841
0.509627
0.576653
0.509627
0.576464
0.509627
0.576274
0.509627
0.576084
0.509627
0.575894
0.509627
0.575703
0.509626
0.575512
0.509626
0.57532
0.509625
0.575129
0.509624
0.574936
0.509623
0.574744
0.509621
0.574551
0.50962
0.574357
0.509618
0.574163
0.509616
0.57397
0.509614
0.573775
0.509612
0.573581
0.509609
0.573385
0.509607
0.57319
0.509604
0.572994
0.509601
0.572798
0.509598
0.572602
0.509595
0.572406
0.509591
0.572209
0.509587
0.572012
0.509584
0.571814
0.50958
0.571617
0.509576
0.571419
0.509571
0.571221
0.509567
0.571022
0.509562
0.570824
0.509557
0.570625
0.509552
0.570426
0.509547
0.570226
0.509542
0.570027
0.509537
0.569828
0.509531
0.569628
0.509525
0.569428
0.509519
0.569228
0.509513
0.569027
0.509507
0.568827
0.509501
0.568627
0.509495
0.568426
0.509488
0.568225
0.509481
0.568024
0.509474
0.567823
0.509467
0.567622
0.50946
0.567421
0.509453
0.56722
0.509446
0.567018
0.509438
0.566817
0.50943
0.566615
0.509423
0.566414
0.509415
0.566212
0.509407
0.566011
0.509399
0.565809
0.50939
0.565608
0.509382
0.565406
0.509374
0.565205
0.509365
0.565003
0.509357
0.564801
0.509348
0.5646
0.509339
0.564398
0.50933
0.564197
0.509321
0.563995
0.509312
0.563794
0.509303
0.563593
0.509294
0.563391
0.509284
0.563191
0.509275
0.562989
0.509266
0.562789
0.509256
0.562588
0.509247
0.562387
0.509237
0.562187
0.509227
0.561987
0.509218
0.561786
0.509208
0.561587
0.509198
0.561387
0.509188
0.561187
0.509178
0.560987
0.509169
0.560789
0.509159
0.560589
0.509149
0.560391
0.509139
0.560192
0.509129
0.559994
0.509119
0.559796
0.509109
0.559598
0.509099
0.5594
0.509089
0.559204
0.509079
0.559006
0.509069
0.55881
0.509059
0.558614
0.509049
0.558418
0.509039
0.558222
0.509029
0.558027
0.509019
0.557832
0.509009
0.557638
0.508999
0.557443
0.508989
0.55725
0.50898
0.557056
0.50897
0.556863
0.50896
0.556671
0.508951
0.556479
0.508941
0.556287
0.508932
0.556096
0.508922
0.555905
0.508913
0.555715
0.508903
0.555525
0.508894
0.555336
0.508885
0.555147
0.508876
0.554959
0.508867
0.554771
0.508858
0.554584
0.508849
0.554397
0.50884
0.554211
0.508831
0.554025
0.508823
0.553841
0.508814
0.553656
0.508806
0.553473
0.508798
0.553289
0.508789
0.553107
0.508781
0.552925
0.508773
0.552744
0.508765
0.552563
0.508758
0.552383
0.50875
0.552203
0.508742
0.552025
0.508735
0.551847
0.508728
0.55167
0.50872
0.551493
0.508713
0.551317
0.508706
0.551142
0.508699
0.550968
0.508693
0.550794
0.508686
0.550621
0.50868
0.550449
0.508673
0.550278
0.508667
0.550107
0.508661
0.549937
0.508655
0.549768
0.508649
0.5496
0.508643
0.549432
0.508638
0.549266
0.508632
0.5491
0.508627
0.548935
0.508622
0.548771
0.508617
0.548608
0.508612
0.548445
0.508607
0.548283
0.508603
0.548122
0.508598
0.547963
0.508594
0.547803
0.508589
0.547646
0.508585
0.547488
0.508581
0.547332
0.508577
0.547176
0.508573
0.547022
0.50857
0.546868
0.508566
0.546715
0.508563
0.546563
0.508559
0.546412
0.508556
0.546262
0.508553
0.546113
0.50855
0.545964
0.508547
0.545817
0.508544
0.54567
0.508542
0.545525
0.508539
0.54538
0.508537
0.545236
0.508534
0.545093
0.508532
0.544952
0.50853
0.54481
0.508528
0.544671
0.508526
0.544531
0.508524
0.544393
0.508522
0.544256
0.508521
0.54412
0.508519
0.543984
0.508517
0.54385
0.508516
0.543716
0.508514
0.543583
0.508513
0.543451
0.508512
0.543321
0.508511
0.54319
0.50851
0.543062
0.508508
0.542933
0.508507
0.542806
0.508506
0.54268
0.508506
0.542554
0.508505
0.542429
0.508504
0.542306
0.508503
0.542183
0.508502
0.542061
0.508502
0.54194
0.508501
0.54182
0.5085
0.5417
0.5085
0.541582
0.508499
0.541464
0.508499
0.541347
0.508498
0.541231
0.508498
0.541116
0.508497
0.541001
0.508497
0.540887
0.508497
0.540774
0.508496
0.540663
0.508496
0.540551
0.508495
0.540441
0.508495
0.540331
0.508495
0.540222
0.508494
0.540114
0.508494
0.540006
0.508493
0.539899
0.508493
0.539794
0.508493
0.539688
0.508492
0.539584
0.508492
0.53948
0.508492
0.539377
0.508491
0.539274
0.508491
0.539173
0.50849
0.539071
0.50849
0.538971
0.508489
0.538871
0.508489
0.538772
0.508488
0.538673
0.508487
0.538575
0.508487
0.538478
0.508486
0.538381
0.508485
0.538285
0.508485
0.53819
0.508484
0.538095
0.508483
0.538001
0.508482
0.537906
0.508481
0.537814
0.50848
0.53772
0.508479
0.537629
0.508478
0.537537
0.508477
0.537446
0.508476
0.537355
0.508475
0.537265
0.508473
0.537175
0.508472
0.537086
0.508471
0.536997
0.508469
0.536909
0.508468
0.536821
0.508466
0.536734
0.508464
0.536647
0.508463
0.536561
0.508461
0.536475
0.508459
0.536389
0.508457
0.536304
0.508455
0.536219
0.508453
0.536135
0.508451
0.536051
0.508449
0.535967
0.508446
0.535884
0.508444
0.535801
0.508441
0.535718
0.508439
0.535636
0.508436
0.535554
0.508433
0.535472
0.508431
0.535391
0.508428
0.53531
0.508425
0.53523
0.508421
0.535149
0.508418
0.535069
0.508415
0.534989
0.508412
0.53491
0.508408
0.53483
0.508404
0.534752
0.508401
0.534673
0.508397
0.534595
0.508393
0.534516
0.508389
0.534439
0.508385
0.534361
0.50838
0.534283
0.508376
0.534206
0.508371
0.534129
0.508367
0.534052
0.508362
0.533976
0.508357
0.533899
0.508352
0.533823
0.508347
0.533747
0.508342
0.533672
0.508336
0.533596
0.508331
0.533521
0.508325
0.533446
0.508319
0.533371
0.508313
0.533296
0.508307
0.533222
0.508301
0.533147
0.508295
0.533073
0.508288
0.532999
0.508282
0.532925
0.508275
0.532851
0.508268
0.532778
0.508261
0.532704
0.508254
0.532631
0.508246
0.532558
0.508239
0.532485
0.508231
0.532412
0.508223
0.53234
0.508215
0.532267
0.508207
0.532195
0.508199
0.532123
0.50819
0.532051
0.508181
0.531979
0.508173
0.531908
0.508164
0.531836
0.508154
0.531765
0.508145
0.531694
0.508135
0.531623
0.508126
0.531552
0.508116
0.531482
0.508106
0.531411
0.508095
0.531341
0.508085
0.53127
0.508074
0.531201
0.508063
0.531131
0.508052
0.531061
0.508041
0.530992
0.50803
0.530923
0.508018
0.530853
0.508006
0.530784
0.507994
0.530715
0.507982
0.530647
0.50797
0.530579
0.507957
0.530511
0.507944
0.530442
0.507931
0.530375
0.507918
0.530307
0.507904
0.53024
0.507891
0.530173
0.507877
0.530106
0.507863
0.530039
0.507849
0.529973
0.507834
0.529906
0.507819
0.52984
0.507804
0.529774
0.507789
0.529709
0.507774
0.529643
0.507758
0.529579
0.507743
0.529514
0.507727
0.529449
0.507711
0.529385
0.507694
0.529321
0.507678
0.529257
0.507661
0.529194
0.507644
0.52913
0.507626
0.529068
0.507609
0.529005
0.507591
0.528943
0.507573
0.528881
0.507555
0.528819
0.507537
0.528758
0.507519
0.528697
0.5075
0.528636
0.507481
0.528576
0.507462
0.528516
0.507443
0.528456
0.507423
0.528397
0.507403
0.528338
0.507383
0.52828
0.507363
0.528222
0.507343
0.528164
0.507323
0.528106
0.507302
0.528049
0.507281
0.527993
0.50726
0.527936
0.507239
0.527881
0.507217
0.527825
0.507196
0.52777
0.507174
0.527716
0.507152
0.527661
0.50713
0.527608
0.507108
0.527554
0.507086
0.527501
0.507063
0.527449
0.50704
0.527397
0.507018
0.527346
0.506995
0.527294
0.506972
0.527244
0.506948
0.527194
0.506925
0.527144
0.506901
0.527095
0.506878
0.527046
0.506854
0.526998
0.50683
0.52695
0.506806
0.526903
0.506782
0.526856
0.506758
0.52681
0.506734
0.526764
0.50671
0.526719
0.506685
0.526674
0.506661
0.52663
0.506637
0.526586
0.506612
0.526542
0.506587
0.5265
0.506563
0.526457
0.506538
0.526416
0.506513
0.526374
0.506489
0.526334
0.506464
0.526293
0.506439
0.526253
0.506414
0.526214
0.506389
0.526175
0.506364
0.526137
0.50634
0.526099
0.506315
0.526062
0.50629
0.526026
0.506265
0.525989
0.50624
0.525954
0.506216
0.525918
0.506191
0.525884
0.506166
0.525849
0.506142
0.525816
0.506117
0.525783
0.506093
0.52575
0.506068
0.525718
0.506044
0.525686
0.50602
0.525655
0.505995
0.525624
0.505971
0.525594
0.505947
0.525564
0.505923
0.525534
0.5059
0.525506
0.505876
0.525477
0.505852
0.525449
0.505829
0.525422
0.505806
0.525395
0.505782
0.525368
0.505759
0.525342
0.505736
0.525316
0.505714
0.525291
0.505691
0.525266
0.505669
0.525242
0.505646
0.525218
0.505624
0.525195
0.505602
0.525171
0.50558
0.525149
0.505559
0.525126
0.505537
0.525105
0.505516
0.525083
0.505494
0.525062
0.505474
0.525041
0.505453
0.525021
0.505432
0.525001
0.505412
0.524981
0.505391
0.524962
0.505371
0.524943
0.505352
0.524925
0.505332
0.524907
0.505312
0.524889
0.505293
0.524871
0.505274
0.524854
0.505255
0.524837
0.505237
0.524821
0.505218
0.524805
0.5052
0.524789
0.505182
0.524774
0.505164
0.524758
0.505147
0.524743
0.505129
0.524729
0.505112
0.524714
0.505095
0.5247
0.505078
0.524687
0.505062
0.524673
0.505045
0.52466
0.505029
0.524647
0.505013
0.524634
0.504998
0.524622
0.504982
0.52461
0.504967
0.524598
0.504952
0.524586
0.504937
0.524575
0.504922
0.524563
0.504908
0.524552
0.504893
0.524542
0.504879
0.524531
0.504865
0.524521
0.504852
0.524511
0.504838
0.524501
0.504825
0.524491
0.504812
0.524482
0.504799
0.524472
0.504786
0.524463
0.504774
0.524454
0.504762
0.524446
0.50475
0.524437
0.504738
0.524429
0.504726
0.524421
0.504714
0.524413
0.504703
0.524405
0.504692
0.524397
0.504681
0.524389
0.50467
0.524382
0.50466
0.524375
0.504649
0.524368
0.504639
0.524361
0.504629
0.524354
0.504619
0.524347
0.504609
0.524341
0.504599
0.524335
0.50459
0.524328
0.504581
0.524322
0.504572
0.524316
0.504563
0.52431
0.504554
0.524305
0.504545
0.524299
0.504537
0.524294
0.504528
0.524288
0.50452
0.524283
0.504512
0.524278
0.504504
0.524273
0.504496
0.524268
0.504489
0.524263
0.504481
0.524258
0.504474
0.524254
0.504467
0.524249
0.504459
0.524245
0.504453
0.52424
0.504446
0.524236
0.504439
0.524232
0.504432
0.524228
0.504426
0.524224
0.50442
0.52422
0.504413
0.524216
0.504407
0.524212
0.504401
0.524209
0.504395
0.524205
0.504389
0.524202
0.504384
0.524198
0.504378
0.524195
0.504373
0.524191
0.504367
0.524188
0.504362
0.524185
0.504357
0.524182
0.504352
0.524179
0.504347
0.524176
0.504342
0.524173
0.504337
0.52417
0.504333
0.524167
0.504328
0.524164
0.504323
0.524162
0.504319
0.524159
0.504315
0.524157
0.50431
0.524154
0.504306
0.524152
0.504302
0.524149
0.504298
0.524147
0.504294
0.524144
0.50429
0.524142
0.504287
0.52414
0.504283
0.524138
0.504279
0.524136
0.504276
0.524133
0.504272
0.524131
0.504269
0.524129
0.504265
0.524127
0.504262
0.524125
0.504259
0.524124
0.504256
0.524122
0.504253
0.52412
0.504249
0.524118
0.504247
0.524116
0.504244
0.524115
0.504241
0.524113
0.504238
0.524111
0.504235
0.52411
0.504232
0.524108
0.50423
0.524107
0.504227
0.524105
0.504225
0.524104
0.504222
0.524102
0.50422
0.524101
0.504217
0.524099
0.504215
0.524098
0.504213
0.524096
0.50421
0.524095
0.504208
0.524094
0.504206
0.524093
0.504204
0.524091
0.504202
0.52409
0.5042
0.524089
0.504198
0.524088
0.504196
0.524087
0.504194
0.524085
0.504192
0.524084
0.50419
0.524083
0.504188
0.524082
0.504186
0.524081
0.504185
0.52408
0.504183
0.524079
0.504181
0.524078
0.50418
0.524077
0.504178
0.524076
0.504176
0.524075
0.504175
0.524074
0.504173
0.524074
0.504172
0.524073
0.50417
0.524072
0.504169
0.524071
0.504167
0.52407
0.504166
0.524069
0.504165
0.524069
0.504163
0.524068
0.504162
0.524067
0.504161
0.524066
0.50416
0.524065
0.504158
0.524065
0.504157
0.524064
0.504156
0.524063
0.504155
0.524063
0.504154
0.524062
0.504153
0.524061
0.504151
0.524061
0.50415
0.52406
0.504149
0.524059
0.504148
0.524059
0.504147
0.524058
0.504146
0.524058
0.504145
0.524057
0.504144
0.524057
0.504143
0.524056
0.504143
0.524055
0.504142
0.524055
0.504141
0.524054
0.50414
0.524054
0.504139
0.524053
0.504138
0.524053
0.504137
0.524052
0.504137
0.524052
0.504136
0.524051
0.504135
0.524051
0.504134
0.524051
0.504134
0.52405
0.504133
0.52405
0.504132
0.524049
0.504132
0.524049
0.504131
0.524048
0.50413
0.524048
0.50413
0.524048
0.504129
0.524047
0.504128
0.524047
0.504128
0.524047
0.504127
0.524046
0.504126
0.524046
0.504126
0.524045
0.504125
0.524045
0.504125
0.524045
0.504124
0.524044
0.504124
0.524044
0.504123
0.524044
0.504123
0.524043
0.504122
0.524043
0.504122
0.524043
0.504121
0.524043
0.504121
0.524042
0.50412
0.524042
0.50412
0.524042
0.504119
0.524041
0.504119
0.524041
0.504118
0.524041
0.504118
0.524041
0.504117
0.52404
0.504117
0.52404
0.504117
0.52404
0.504116
0.52404
0.504116
0.524039
0.504115
0.524039
0.504115
0.524039
0.504115
0.524039
0.504114
0.524039
0.504114
0.524038
0.504114
0.524038
0.504113
0.524038
0.504113
0.524038
0.504113
0.524037
0.504112
0.524037
0.504112
0.524037
0.504112
0.524037
0.504111
0.524037
0.504111
0.524037
0.504111
0.524036
0.504111
0.524036
0.50411
0.524036
0.50411
0.524036
0.50411
0.524036
0.504109
0.524035
0.504109
0.524035
0.504109
0.524035
0.504109
0.524035
0.504108
0.524035
0.504108
0.524035
0.504108
0.524035
0.504108
0.524034
0.504107
0.524034
0.504107
0.524034
0.504107
0.524034
0.504107
0.524034
0.504107
0.524034
0.504106
0.524034
0.504106
0.524033
0.504106
0.524033
0.504106
0.524033
0.504106
0.524033
0.504105
0.524033
0.504105
0.524033
0.504105
0.524033
0.504105
0.524033
0.504105
0.524033
0.504104
0.524032
0.504104
0.524032
0.504104
0.524032
0.504104
0.524032
0.504104
0.524032
0.504104
0.524032
0.504104
0.524032
0.504103
0.524032
0.504103
0.524032
0.504103
0.524031
0.504103
0.524031
0.504103
0.524031
0.504103
0.524031
0.504102
0.524031
0.504102
0.524031
0.504102
0.524031
0.504102
0.524031
0.504102
0.524031
0.504102
0.524031
0.504102
0.524031
0.504102
0.524031
0.504101
0.52403
0.504101
0.52403
0.504101
0.52403
0.504101
0.52403
0.504101
0.52403
0.504101
0.52403
0.504101
0.52403
0.504101
0.52403
0.504101
0.52403
0.5041
0.52403
0.5041
0.52403
0.5041
0.52403
0.5041
0.52403
0.5041
0.52403
0.5041
0.52403
0.5041
0.524029
0.5041
0.524029
0.5041
0.524029
0.5041
0.524029
0.5041
0.524029
0.504099
0.524029
0.504099
0.524029
0.504099
0.524029
0.504099
0.524029
0.504099
0.524029
0.504099
0.524029
0.504099
0.524029
0.504099
0.524029
0.504099
0.524029
0.504099
0.524029
0.504099
0.524029
0.504099
0.524029
0.504099
0.524029
0.504099
0.524029
0.504098
0.524029
0.504098
0.524029
0.504098
0.524028
0.504098
0.524028
0.504098
0.524028
0.504098
0.524028
0.504098
0.524028
0.504098
0.524028
0.504098
0.524028
0.504098
0.524028
0.504098
0.524028
0.504098
0.524028
0.504098
0.524028
0.504098
0.524028
0.504098
0.524028
0.504098
0.524028
0.504098
0.524028
0.504098
0.524028
0.504097
0.524028
0.504097
0.524028
0.504097
0.524028
0.504097
0.524028
0.504097
0.524028
0.504097
0.524028
0.504097
0.524028
0.504097
0.524028
0.504097
0.524028
0.504097
0.524028
0.504097
0.524028
0.504097
0.524028
0.504097
0.524028
0.504097
0.524028
0.504097
0.524028
0.504097
0.524028
0.504097
0.524027
0.504097
0.524027
0.504097
0.524027
0.504097
0.524027
0.504097
0.524027
0.504097
0.524027
0.504097
0.524027
0.504097
0.524027
0.504097
0.524027
0.504097
0.524027
0.504097
0.524027
0.504096
0.524027
0.504096
0.524027
0.504096
0.524027
0.504096
0.524027
0.504096
0.524027
0.504096
0.524027
0.504096
0.524027
0.504096
0.524027
0.504096
0.524027
0.504096
0.524027
0.504096
0.524027
0.504096
0.524027
0.504096
0.524027
0.504096
0.524027
0.504096
0.524027
0.504096
0.524027
0.504096
0.524027
0.504096
0.524027
0.504096
0.524027
0.504096
0.524027
0.504096
0.524027
0.504096
0.524027
0.504096
0.524027
0.504096
0.524027
0.504096
0.524027
0.504096
0.524027
0.504096
0.524027
0.504096
0.524027
0.504096
0.524027
0.504096
0.524027
0.504096
0.524027
0.504096
0.524027
0.504096
0.524027
0.504096
0.524027
0.504096
0.524027
0.504096
0.524027
0.504096
0.524027
0.504096
0.524027
0.504096
0.524027
0.504096
0.524027
0.504096
0.524027
0.504096
0.524027
0.504096
0.524027
0.504096
0.524027
0.504096
0.524027
0.504096
0.524027
0.504096
0.524027
0.504096
0.524027
0.504096
0.524027
0.504096
0.524027
0.504096
0.524027
0.504095
0.524027
0.504095
0.524027
0.504095
0.524027
0.504095
0.524027
0.504095
0.524027
0.504095
0.524027
0.504095
0.524027
0.504095
0.524027
0.504095
0.524027
0.504095
0.524027
0.504095
0.524027
0.504095
0.524027
0.504095
0.524027
0.504095
0.524027
0.504095
0.524027
0.504095
0.524026
0.504095
0.524026
0.504095
0.524026
0.504095
0.524026
0.504095
0.524026
0.504095
0.524026
0.504095
0.524026
0.504095
0.524026
0.504095
0.524026
0.504095
0.524026
0.504095
0.524026
0.504095
0.524026
0.504095
0.524026
0.504095
0.524026
0.504095
0.524026
0.504095
0.524026
0.504095
0.524026
0.504095
0.524026
0.504095
0.524026
0.504095
0.524026
0.504095
0.524026
0.504095
0.524026
0.504095
0.524026
0.504095
0.524026
0.504095
0.524026
0.504095
0.524026
0.504095
0.524026
0.504095
0.524026
0.504095
0.524026
0.504095
0.524026
0.504095
0.524026
0.504095
0.524026
0.504095
0.524026
0.504095
0.524026
0.504095
0.524026
0.504095
0.524026
0.504095
0.524026
0.504095
0.524026
0.504095
0.524026
0.504095
0.524026
0.504095
0.524026
0.504095
0.524026
0.504095
0.524026
0.504095
0.524026
0.504095
0.524026
0.504095
0.524026
0.504095
0.524026
0.504095
0.524026
0.504095
0.524026
0.504095
0.524026
0.504095
0.524026
0.504095
0.524026
0.504095
0.524026
0.504095
0.524026
0.504095
0.524026
0.504095
0.524026
0.504095
0.524026
0.504095
0.524026
0.504095
0.524026
0.504095
0.524026
0.504095
0.524026
0.504095
0.524026
0.504095
0.524026
0.504095
0.524026
0.504095
0.524026
0.504095
0.524026
0.504095
0.524026
0.504095
0.524026
0.504095
0.524026
0.504095
0.524026
0.504095
0.524026
0.504095
0.524026
0.504095
0.524026
0.504095
0.524026
0.504095
0.524026
0.504095
0.524026
0.504095
0.524026
0.504095
0.524026
0.504095
0.524026
0.504095
0.524026
0.504095
0.524026
0.504095
0.524026
0.504095
0.524026
0.504095
0.524026
0.504095
0.524026
0.504095
0.524026
0.504095
0.524026
0.504095
0.524026
0.504095
0.524026
0.504095
0.524026
0.504095
0.524026
0.504095
0.524026
0.504095
0.524026
0.504095
0.524026
0.504095
0.524026
0.504095
0.524026
0.504095
0.524026
0.504095
0.524026
0.504095
0.524026
0.504095
0.524026
0.504095
0.524026
0.504095
0.524026
0.504095
0.524026
0.504095
0.524026
0.504095
0.524026
0.504095
0.524026
0.504095
0.524026
0.504095
0.524026
0.504095
0.524026
0.504095
0.524026
0.504095
0.524026
0.504095
0.524026
0.504095
0.524026
0.504095
0.524026
0.504095
0.524026
0.504095
0.524026
0.504095
0.524026
0.504095
0.524026
0.504095
0.524026
0.504095
0.524026
0.504095
0.524026
0.504095
0.524026
0.504095
0.524026
0.504095
0.524026
0.504095
0.524026
0.504095
0.524026
0.504095
0.524026
0.504095
0.524026
0.504095
0.524026
0.504095
0.524026
0.504095
0.524026
0.504095
0.524026
0.504095
0.524026
0.504095
0.524026
0.504095
0.524026
0.504095
0.524026
0.504095
0.524026
0.504095
0.524026
0.504095
0.524026
0.504095
0.524026
0.504095
0.524026
0.504095
0.524026
0.504095
0.524026
0.504095
0.524026
0.504095
0.524026
0.504095
0.524026
0.504095
0.524026
0.504095
0.524026
0.504095
0.524026
0.504095
0.524026
0.504095
0.524026
0.504095
0.524026
0.504095
0.524026
0.504095
0.524026
0.504095
0.524026
0.504095
0.524026
0.504095
0.524026
0.504095
0.524026
0.504095
0.524026
0.504095
0.524026
0.504095
0.524026
0.504095
0.524026
0.504095
0.524026
0.504095
0.524026
0.504095
0.524026
0.504095
0.524026
0.504095
0.524026
0.504095
0.524026
0.504095
0.524026
0.504095
0.524026
0.504095
0.524026
0.504095
0.524026
0.504095
0.524026
0.504095
0.524026
0.504095
0.524026
0.504095
0.524026
0.504095
0.524026
0.504095
0.524026
0.504095
0.524026
0.504095
0.524026
0.504095
0.524026
0.504095
0.524026
0.504095
0.524026
0.504095
0.524026
0.504095
0.524026
0.504095
0.524026
0.504095
0.524026
0.504095
0.524026
0.504095
0.524026
0.504095
0.524026
0.504095
0.524026
0.504095
0.524026
0.504095
0.524026
0.504095
0.524026
0.504095
0.524026
0.504095
0.524026
0.504095
0.524026
0.504095
0.524026
0.504095
0.524026
0.504095
0.524026
0.504095
0.524026
0.504095
0.524026
0.504095
0.524026
0.504095
0.524026
0.504095
0.524026
0.504095
0.524026
0.504095
0.524026
0.504095
0.524026
0.504095
0.524026
0.504095
0.524026
0.504095
0.524026
0.504095
0.524026
0.504095
0.524026
0.504095
0.524026
0.504095
0.524026
0.504095
0.524026
0.504095
0.524026
0.504095
0.524026
0.504095
0.524026
0.504095
0.524026
0.504095
0.524026
0.504095
0.524026
0.504095
0.524026
0.504095
0.524026
0.504095
0.524026
0.504095
0.524026
0.504095
0.524026
0.504095
0.524026
0.504095
0.524026
0.504095
0.524026
0.504095
0.524026
0.504095
0.524026
0.504095
0.524026
0.504095
0.524026
0.504095
0.524026
0.504095
0.524026
0.504095
0.524026
0.504095
0.524026
0.504095
0.524026
0.504095
0.524026
0.504095
0.524026
0.504095
0.524026
0.504095
0.524026
0.504095
0.524026
0.504095
0.524026
0.504095
0.524026
0.504095
0.524026
0.504095
0.524026
0.504095
0.524026
0.504095
0.524026
0.504095
0.524026
0.504095
0.524026
0.504095
0.524026
0.504095
0.524026
0.504095
0.524026
0.504095
0.524026
0.504095
0.524026
0.504095
0.524026
0.504095
0.524026
0.504095
0.524026
0.504095
0.524026
0.504095
0.524026
0.504095
0.524026
0.504095
0.524026
0.504095
0.524026
0.504095
0.524026
0.504095
0.524026
0.504095
0.524026
0.504095
0.524026
0.504095
0.524026
0.504095
0.524026
0.504095
0.524026
0.504095
0.524026
0.504095
0.524026
0.504095
0.524026
0.504095
0.524026
0.504095
0.524026
0.504095
0.524026
0.504095
0.524026
0.504095
0.524026
0.504095
0.524026
0.504095
0.524026
0.504095
0.524026
0.504095
0.524026
0.504095
0.524026
0.504095
0.524026
0.504095
0.524026
0.504095
0.524026
0.504095
0.524026
0.504095
0.524026
0.504095
0.524026
0.504095
0.524026
0.504095
0.524026
0.504095
0.524026
0.504095
0.524026
0.504095
0.524026
0.504095
0.524026
0.504095
0.524026
0.504095
0.524026
0.504095
0.524026
0.504095
0.524026
0.504095
0.524026
0.504095
0.524026
0.504095
0.524026
0.504095
0.524026
0.504095
0.524026
0.504095
0.524026
0.504095
0.524026
0.504095
0.524026
0.504095
0.524026
0.504095
0.524026
0.504095
0.524026
0.504095
0.524026
0.504095
0.524026
0.504095
0.524026
0.504095
0.524026
0.504095
0.524026
0.504095
0.524026
0.504095
0.524026
0.504095
0.524026
0.504095
0.524026
0.504095
0.524026
0.504095
0.524026
0.504095
0.524026
0.504095
0.524026
0.504095
0.524026
0.504095
0.524026
0.504095
0.524026
0.504095
0.524026
0.504095
0.524026
0.504095
0.524026
0.504095
0.524026
0.504095
0.524026
0.504095
0.524026
0.504095
0.524026
0.504095
0.524026
0.504095
0.524026
0.504095
0.524026
0.504095
0.524026
0.504095
0.524026
0.504095
0.524026
0.504095
0.524026
0.504095
0.524026
0.504095
0.524026
0.504095
0.524026
0.504095
0.524026
0.504095
0.524026
0.504095
0.524026
0.504095
0.524026
0.504095
0.524026
0.504095
0.524026
0.504095
0.524026
0.504095
0.524026
0.504095
0.524026
0.504095
0.524026
0.504095
0.524026
0.504095
0.524026
0.504095
0.524026
0.504095
0.524026
0.504095
0.524026
0.504095
0.524026
0.504095
0.524026
0.504095
0.524026
0.504095
0.524026
0.504095
0.524026
0.504095
0.524026
0.504095
0.524026
0.504095
0.524026
0.504095
0.524026
0.504095
0.524026
0.504095
0.524026
0.504095
0.524026
0.504095
0.524026
0.504095
0.524026
0.504095
0.524026
0.504095
0.524026
0.504095
0.524026
0.504095
0.524026
0.504095
0.524026
0.504095
0.524026
0.504095
0.524026
0.504095
0.524026
0.504095
0.524026
0.504095
0.524026
0.504095
0.524026
0.504095
0.524026
0.504095
0.524026
0.504095
0.524026
0.504095
0.524026
0.504095
0.524026
0.504095
0.524026
0.504095
0.524026
0.504095
0.524026
0.504095
0.524026
0.504095
0.524026
0.504095
0.524026
0.504095
0.524026
0.504095
0.524026
0.504095
0.524026
0.504095
0.524026
0.504095
0.524026
0.504095
0.524026
0.504095
0.524026
0.504095
0.524026
0.504095
0.524026
0.504095
0.524026
0.504095
0.524026
0.504095
0.524026
0.504095
0.524026
0.504095
0.524026
0.504095
0.524026
0.504095
0.524026
0.504095
0.524026
0.504095
0.524026
0.504095
0.524026
0.504095
0.524026
0.504095
0.524026
0.504095
0.524026
0.504095
0.524026
0.504095
0.524026
0.504095
0.524026
0.504095
0.524026
0.504095
0.524026
0.504095
0.524026
0.504095
0.524026
0.504095
0.524026
0.504095
0.524026
0.504095
0.524026
0.504095
0.524026
0.504095
0.524026
0.504095
0.524026
0.504095
0.524026
0.504095
0.524026
0.504095
0.524026
0.504095
0.524026
0.504095
0.524026
0.504095
0.524026
0.504095
0.524026
0.504095
0.524026
0.504095
0.524026
0.504095
0.524026
0.504095
0.524026
0.504095
0.524026
0.504095
0.524026
0.504095
0.524026
0.504095
0.524026
0.504095
0.524026
0.504095
0.524026
0.504095
0.524026
0.504095
0.524026
0.504095
0.524026
0.504095
0.524026
0.504095
0.524026
0.504095
0.524026
0.504095
0.524026
0.504095
0.524026
0.504095
0.524026
0.504095
0.524026
0.504095
0.524026
0.504095
0.524026
0.504095
0.524026
0.504095
0.524026
0.504095
0.524026
0.504095
0.524026
0.504095
0.524026
0.504095
0.524026
0.504095
0.524026
0.504095
0.524026
0.504095
0.524026
0.504095
0.524026
0.504095
0.524026
0.504095
0.524026
0.504095
0.524026
0.504095
0.524026
0.504095
0.524026
0.504095
0.524026
0.504095
0.524026
0.504095
0.524026
0.504095
0.524026
0.504095
0.524026
0.504095
0.524026
0.504095
0.524026
0.504095
0.524026
0.504095
0.524026
0.504095
0.524026
0.504095
0.524026
0.504095
0.524026
0.504095
0.524026
0.504095
0.524026
0.504095
0.524026
0.504095
0.524026
0.504095
0.524026
0.504095
0.524026
0.504095
0.524026
0.504095
0.524026
0.504095
0.524026
0.504095
0.524026
0.504095
0.524026
0.504095
0.524026
0.504095
0.524026
0.504095
0.524026
0.504095
0.524026
0.504095
0.524026
0.504095
0.524026
0.504095
0.524026
0.504095
0.524026
0.504095
0.524026
0.504095
0.524026
0.504095
0.524026
0.504095
0.524026
0.504095
0.524026
0.504095
0.524026
0.504095
0.524026
0.504095
0.524026
0.504095
0.524026
0.504095
0.524026
0.504095
0.524026