-6.27744e+66
0.273436
0.835265
0.206566
0.664609
0.318028
0.792427
0.269514
0.582394
0.401838
0.736915
0.339814
0.506438
0.470399
0.692949
0.392171
0.458615
0.506804
0.668474
0.420833
0.436649
0.518382
0.658066
0.434274
0.428196
0.518644
0.654114
0.44109
0.424533
0.515467
0.652505
0.445433
0.422076
0.511687
0.651772
0.448715
0.419751
0.508016
0.651506
0.451343
0.417296
0.504553
0.651596
0.453449
0.414647
0.501266
0.652
0.455097
0.411777
0.498111
0.652693
0.456337
0.408663
0.49505
0.653649
0.457206
0.405285
0.492051
0.654847
0.457737
0.40162
0.489087
0.656268
0.457958
0.39765
0.486135
0.657893
0.457889
0.393354
0.483177
0.659705
0.457551
0.388717
0.480195
0.661689
0.456957
0.383721
0.477175
0.663827
0.456122
0.378354
0.474106
0.666107
0.455056
0.372601
0.470977
0.668513
0.453769
0.366456
0.467779
0.671034
0.452268
0.35991
0.464505
0.673656
0.450562
0.352963
0.461149
0.676368
0.448656
0.345614
0.457705
0.679158
0.446556
0.337872
0.454171
0.682015
0.44427
0.329747
0.450544
0.684928
0.441802
0.321258
0.446823
0.687885
0.43916
0.312428
0.443009
0.690875
0.436352
0.303287
0.439106
0.693885
0.433387
0.293871
0.435119
0.696901
0.430278
0.284225
0.431057
0.69991
0.427037
0.274396
0.42693
0.702895
0.423681
0.264439
0.422751
0.705841
0.420228
0.25441
0.418538
0.708731
0.416697
0.24437
0.414308
0.711547
0.413112
0.23438
0.410083
0.714274
0.409496
0.2245
0.405884
0.716894
0.405874
0.214789
0.401734
0.719392
0.402272
0.205298
0.397656
0.721756
0.398714
0.196078
0.393672
0.723972
0.395224
0.187168
0.389802
0.726033
0.391824
0.178604
0.386064
0.727931
0.388533
0.170412
0.382474
0.729661
0.385369
0.16261
0.379045
0.731223
0.382344
0.155209
0.375787
0.732617
0.37947
0.148215
0.372707
0.733845
0.376753
0.141626
0.369807
0.734914
0.374197
0.135434
0.367089
0.735829
0.371805
0.129629
0.36455
0.736599
0.369575
0.124197
0.362188
0.737232
0.367502
0.119121
0.359995
0.737739
0.365583
0.114383
0.357965
0.73813
0.363811
0.109962
0.356089
0.738415
0.362178
0.105839
0.354359
0.738604
0.360676
0.101993
0.352765
0.738708
0.359296
0.0984052
0.351297
0.738736
0.358029
0.0950559
0.349945
0.738697
0.356867
0.0919268
0.348701
0.7386
0.355801
0.0890006
0.347556
0.738453
0.354822
0.0862609
0.346499
0.738263
0.353923
0.0836924
0.345524
0.738038
0.353096
0.081281
0.344623
0.737782
0.352334
0.0790137
0.343789
0.737501
0.351631
0.0768783
0.343016
0.737201
0.350982
0.0748641
0.342296
0.736885
0.350379
0.0729609
0.341626
0.736557
0.34982
0.0711596
0.341
0.73622
0.349299
0.0694521
0.340414
0.735877
0.348812
0.0678307
0.339865
0.73553
0.348357
0.0662888
0.339347
0.735182
0.347929
0.0648201
0.33886
0.734834
0.347527
0.0634191
0.338398
0.734487
0.347147
0.0620809
0.337961
0.734143
0.346788
0.0608008
0.337547
0.733802
0.346447
0.0595748
0.337152
0.733466
0.346123
0.0583991
0.336775
0.733135
0.345815
0.0572704
0.336416
0.732809
0.34552
0.0561856
0.336071
0.732489
0.345239
0.055142
0.335741
0.732175
0.344969
0.054137
0.335424
0.731868
0.34471
0.0531683
0.33512
0.731567
0.344462
0.0522338
0.334827
0.731272
0.344222
0.0513316
0.334544
0.730984
0.343991
0.0504599
0.334271
0.730703
0.343769
0.0496171
0.334008
0.730427
0.343553
0.0488017
0.333753
0.730159
0.343346
0.0480122
0.333506
0.729896
0.343144
0.0472475
0.333267
0.72964
0.342949
0.0465063
0.333036
0.729389
0.34276
0.0457875
0.332811
0.729145
0.342577
0.0450901
0.332594
0.728906
0.342399
0.044413
0.332382
0.728673
0.342226
0.0437555
0.332176
0.728445
0.342058
0.0431167
0.331976
0.728222
0.341895
0.0424958
0.331782
0.728005
0.341736
0.041892
0.331592
0.727793
0.341581
0.0413046
0.331408
0.727585
0.34143
0.0407329
0.331229
0.727382
0.341284
0.0401765
0.331054
0.727184
0.341141
0.0396345
0.330883
0.72699
0.341001
0.0391066
0.330717
0.726801
0.340865
0.0385921
0.330555
0.726615
0.340733
0.0380906
0.330397
0.726434
0.340603
0.0376015
0.330242
0.726257
0.340477
0.0371245
0.330091
0.726083
0.340353
0.0366591
0.329944
0.725913
0.340233
0.0362048
0.3298
0.725747
0.340115
0.0357614
0.329659
0.725584
0.34
0.0353283
0.329522
0.725425
0.339887
0.0349053
0.329387
0.725269
0.339777
0.0344921
0.329256
0.725115
0.33967
0.0340882
0.329127
0.724966
0.339565
0.0336934
0.329002
0.724819
0.339462
0.0333074
0.328878
0.724675
0.339361
0.0329299
0.328758
0.724533
0.339262
0.0325606
0.32864
0.724395
0.339165
0.0321993
0.328524
0.724259
0.339071
0.0318457
0.328411
0.724126
0.338978
0.0314996
0.3283
0.723995
0.338887
0.0311607
0.328191
0.723867
0.338798
0.0308289
0.328085
0.723742
0.338711
0.0305038
0.32798
0.723618
0.338625
0.0301854
0.327878
0.723497
0.338542
0.0298734
0.327777
0.723378
0.338459
0.0295676
0.327679
0.723261
0.338379
0.0292678
0.327582
0.723146
0.3383
0.0289739
0.327487
0.723034
0.338222
0.0286857
0.327394
0.722923
0.338146
0.0284031
0.327303
0.722814
0.338071
0.0281258
0.327213
0.722707
0.337997
0.0278538
0.327125
0.722602
0.337925
0.0275868
0.327039
0.722499
0.337854
0.0273248
0.326954
0.722397
0.337785
0.0270677
0.32687
0.722297
0.337717
0.0268152
0.326788
0.722199
0.337649
0.0265672
0.326707
0.722102
0.337584
0.0263237
0.326628
0.722008
0.337519
0.0260846
0.32655
0.721914
0.337455
0.0258496
0.326474
0.721822
0.337392
0.0256188
0.326399
0.721732
0.337331
0.0253919
0.326325
0.721643
0.33727
0.0251689
0.326252
0.721555
0.337211
0.0249498
0.32618
0.721469
0.337152
0.0247343
0.32611
0.721384
0.337094
0.0245225
0.32604
0.7213
0.337038
0.0243142
0.325972
0.721218
0.336982
0.0241093
0.325905
0.721137
0.336927
0.0239077
0.325839
0.721057
0.336873
0.0237095
0.325774
0.720978
0.33682
0.0235144
0.32571
0.720901
0.336768
0.0233225
0.325647
0.720824
0.336716
0.0231336
0.325585
0.720749
0.336665
0.0229477
0.325524
0.720675
0.336615
0.0227647
0.325463
0.720602
0.336566
0.0225845
0.325404
0.72053
0.336518
0.0224071
0.325346
0.720459
0.33647
0.0222324
0.325288
0.720389
0.336423
0.0220604
0.325231
0.72032
0.336376
0.0218909
0.325175
0.720252
0.336331
0.021724
0.32512
0.720185
0.336286
0.0215596
0.325066
0.720119
0.336241
0.0213976
0.325012
0.720053
0.336198
0.021238
0.324959
0.719989
0.336154
0.0210807
0.324907
0.719925
0.336112
0.0209256
0.324856
0.719863
0.33607
0.0207728
0.324805
0.719801
0.336029
0.0206222
0.324755
0.71974
0.335988
0.0204737
0.324706
0.71968
0.335948
0.0203273
0.324658
0.71962
0.335908
0.0201829
0.32461
0.719562
0.335869
0.0200405
0.324562
0.719504
0.33583
0.0199001
0.324516
0.719447
0.335792
0.0197616
0.32447
0.71939
0.335755
0.019625
0.324424
0.719334
0.335718
0.0194902
0.324379
0.719279
0.335681
0.0193573
0.324335
0.719225
0.335645
0.0192261
0.324291
0.719171
0.335609
0.0190966
0.324248
0.719119
0.335574
0.0189689
0.324205
0.719066
0.335539
0.0188428
0.324163
0.719015
0.335505
0.0187184
0.324122
0.718963
0.335471
0.0185955
0.324081
0.718913
0.335438
0.0184743
0.32404
0.718863
0.335405
0.0183546
0.324
0.718814
0.335372
0.0182364
0.323961
0.718765
0.33534
0.0181197
0.323922
0.718717
0.335308
0.0180044
0.323883
0.71867
0.335277
0.0178906
0.323845
0.718623
0.335245
0.0177782
0.323807
0.718576
0.335215
0.0176672
0.32377
0.71853
0.335184
0.0175575
0.323733
0.718485
0.335155
0.0174492
0.323697
0.71844
0.335125
0.0173422
0.323661
0.718396
0.335096
0.0172364
0.323625
0.718352
0.335067
0.017132
0.32359
0.718309
0.335038
0.0170287
0.323556
0.718266
0.33501
0.0169267
0.323521
0.718223
0.334982
0.0168259
0.323487
0.718182
0.334954
0.0167262
0.323454
0.71814
0.334927
0.0166278
0.323421
0.718099
0.3349
0.0165304
0.323388
0.718059
0.334874
0.0164342
0.323355
0.718018
0.334847
0.016339
0.323323
0.717979
0.334821
0.016245
0.323292
0.717939
0.334795
0.016152
0.32326
0.717901
0.33477
0.01606
0.323229
0.717862
0.334745
0.0159691
0.323198
0.717824
0.33472
0.0158792
0.323168
0.717786
0.334695
0.0157903
0.323138
0.717749
0.334671
0.0157023
0.323108
0.717712
0.334646
0.0156153
0.323079
0.717676
0.334623
0.0155293
0.32305
0.71764
0.334599
0.0154442
0.323021
0.717604
0.334575
0.01536
0.322993
0.717569
0.334552
0.0152767
0.322964
0.717534
0.334529
0.0151943
0.322936
0.717499
0.334507
0.0151128
0.322909
0.717465
0.334484
0.0150321
0.322881
0.717431
0.334462
0.0149522
0.322854
0.717397
0.33444
0.0148732
0.322828
0.717364
0.334418
0.0147951
0.322801
0.717331
0.334397
0.0147177
0.322775
0.717298
0.334376
0.0146411
0.322749
0.717266
0.334354
0.0145653
0.322723
0.717234
0.334334
0.0144903
0.322698
0.717202
0.334313
0.014416
0.322672
0.717171
0.334292
0.0143425
0.322647
0.717139
0.334272
0.0142697
0.322623
0.717109
0.334252
0.0141977
0.322598
0.717078
0.334232
0.0141263
0.322574
0.717048
0.334213
0.0140557
0.32255
0.717018
0.334193
0.0139857
0.322526
0.716988
0.334174
0.0139165
0.322502
0.716959
0.334155
0.0138479
0.322479
0.71693
0.334136
0.01378
0.322456
0.716901
0.334117
0.0137127
0.322433
0.716872
0.334098
0.0136461
0.32241
0.716844
0.33408
0.0135801
0.322388
0.716816
0.334062
0.0135147
0.322365
0.716788
0.334044
0.01345
0.322343
0.71676
0.334026
0.0133859
0.322321
0.716733
0.334008
0.0133223
0.3223
0.716706
0.33399
0.0132594
0.322278
0.716679
0.333973
0.0131971
0.322257
0.716652
0.333956
0.0131353
0.322236
0.716626
0.333939
0.0130741
0.322215
0.7166
0.333922
0.0130134
0.322194
0.716574
0.333905
0.0129533
0.322174
0.716548
0.333888
0.0128938
0.322153
0.716523
0.333872
0.0128348
0.322133
0.716497
0.333855
0.0127763
0.322113
0.716472
0.333839
0.0127184
0.322093
0.716448
0.333823
0.0126609
0.322073
0.716423
0.333807
0.012604
0.322054
0.716399
0.333792
0.0125476
0.322035
0.716374
0.333776
0.0124917
0.322015
0.71635
0.33376
0.0124362
0.321996
0.716326
0.333745
0.0123813
0.321978
0.716303
0.33373
0.0123268
0.321959
0.716279
0.333715
0.0122728
0.32194
0.716256
0.3337
0.0122193
0.321922
0.716233
0.333685
0.0121662
0.321904
0.71621
0.33367
0.0121136
0.321886
0.716188
0.333656
0.0120614
0.321868
0.716165
0.333641
0.0120097
0.32185
0.716143
0.333627
0.0119584
0.321832
0.716121
0.333612
0.0119075
0.321815
0.716099
0.333598
0.0118571
0.321798
0.716077
0.333584
0.0118071
0.32178
0.716056
0.33357
0.0117575
0.321763
0.716034
0.333557
0.0117083
0.321746
0.716013
0.333543
0.0116595
0.32173
0.715992
0.333529
0.0116111
0.321713
0.715971
0.333516
0.0115632
0.321696
0.71595
0.333503
0.0115156
0.32168
0.71593
0.333489
0.0114683
0.321664
0.715909
0.333476
0.0114215
0.321648
0.715889
0.333463
0.0113751
0.321632
0.715869
0.33345
0.011329
0.321616
0.715849
0.333437
0.0112833
0.3216
0.715829
0.333425
0.0112379
0.321584
0.715809
0.333412
0.0111929
0.321569
0.71579
0.3334
0.0111483
0.321553
0.71577
0.333387
0.011104
0.321538
0.715751
0.333375
0.0110601
0.321523
0.715732
0.333363
0.0110165
0.321508
0.715713
0.33335
0.0109732
0.321493
0.715694
0.333338
0.0109303
0.321478
0.715676
0.333326
0.0108877
0.321463
0.715657
0.333315
0.0108455
0.321449
0.715639
0.333303
0.0108035
0.321434
0.715621
0.333291
0.0107619
0.32142
0.715602
0.33328
0.0107206
0.321406
0.715584
0.333268
0.0106796
0.321391
0.715567
0.333257
0.0106389
0.321377
0.715549
0.333245
0.0105985
0.321363
0.715531
0.333234
0.0105585
0.321349
0.715514
0.333223
0.0105187
0.321336
0.715496
0.333212
0.0104792
0.321322
0.715479
0.333201
0.01044
0.321308
0.715462
0.33319
0.0104011
0.321295
0.715445
0.333179
0.0103625
0.321282
0.715428
0.333168
0.0103242
0.321268
0.715412
0.333157
0.0102861
0.321255
0.715395
0.333147
0.0102484
0.321242
0.715378
0.333136
0.0102109
0.321229
0.715362
0.333126
0.0101736
0.321216
0.715346
0.333115
0.0101367
0.321203
0.71533
0.333105
0.0101
0.321191
0.715313
0.333095
0.0100635
0.321178
0.715298
0.333085
0.0100274
0.321165
0.715282
0.333075
0.00999145
0.321153
0.715266
0.333065
0.00995579
0.321141
0.71525
0.333055
0.00992038
0.321128
0.715235
0.333045
0.00988521
0.321116
0.715219
0.333035
0.00985029
0.321104
0.715204
0.333025
0.00981562
0.321092
0.715189
0.333015
0.00978118
0.32108
0.715174
0.333006
0.00974699
0.321068
0.715159
0.332996
0.00971303
0.321056
0.715144
0.332987
0.0096793
0.321045
0.715129
0.332977
0.00964581
0.321033
0.715114
0.332968
0.00961254
0.321021
0.7151
0.332959
0.0095795
0.32101
0.715085
0.332949
0.00954668
0.320998
0.715071
0.33294
0.00951409
0.320987
0.715056
0.332931
0.00948172
0.320976
0.715042
0.332922
0.00944956
0.320965
0.715028
0.332913
0.00941762
0.320953
0.715014
0.332904
0.00938589
0.320942
0.715
0.332895
0.00935437
0.320931
0.714986
0.332886
0.00932306
0.320921
0.714972
0.332878
0.00929196
0.32091
0.714959
0.332869
0.00926107
0.320899
0.714945
0.33286
0.00923037
0.320888
0.714931
0.332852
0.00919988
0.320878
0.714918
0.332843
0.00916959
0.320867
0.714905
0.332835
0.00913949
0.320857
0.714891
0.332826
0.00910959
0.320846
0.714878
0.332818
0.00907988
0.320836
0.714865
0.33281
0.00905036
0.320825
0.714852
0.332801
0.00902104
0.320815
0.714839
0.332793
0.0089919
0.320805
0.714826
0.332785
0.00896294
0.320795
0.714813
0.332777
0.00893417
0.320785
0.714801
0.332769
0.00890558
0.320775
0.714788
0.332761
0.00887718
0.320765
0.714775
0.332753
0.00884895
0.320755
0.714763
0.332745
0.0088209
0.320745
0.71475
0.332737
0.00879302
0.320736
0.714738
0.332729
0.00876532
0.320726
0.714726
0.332722
0.0087378
0.320716
0.714714
0.332714
0.00871044
0.320707
0.714702
0.332706
0.00868325
0.320697
0.714689
0.332699
0.00865623
0.320688
0.714678
0.332691
0.00862938
0.320678
0.714666
0.332683
0.00860269
0.320669
0.714654
0.332676
0.00857616
0.32066
0.714642
0.332668
0.00854979
0.320651
0.71463
0.332661
0.00852359
0.320641
0.714619
0.332654
0.00849754
0.320632
0.714607
0.332646
0.00847165
0.320623
0.714596
0.332639
0.00844592
0.320614
0.714584
0.332632
0.00842034
0.320605
0.714573
0.332625
0.00839492
0.320596
0.714562
0.332618
0.00836964
0.320588
0.71455
0.332611
0.00834452
0.320579
0.714539
0.332603
0.00831955
0.32057
0.714528
0.332596
0.00829472
0.320561
0.714517
0.33259
0.00827004
0.320553
0.714506
0.332583
0.0082455
0.320544
0.714495
0.332576
0.00822111
0.320536
0.714484
0.332569
0.00819687
0.320527
0.714473
0.332562
0.00817276
0.320519
0.714463
0.332555
0.00814879
0.32051
0.714452
0.332549
0.00812496
0.320502
0.714441
0.332542
0.00810127
0.320493
0.714431
0.332535
0.00807772
0.320485
0.71442
0.332529
0.0080543
0.320477
0.71441
0.332522
0.00803102
0.320469
0.7144
0.332515
0.00800787
0.320461
0.714389
0.332509
0.00798485
0.320453
0.714379
0.332502
0.00796196
0.320445
0.714369
0.332496
0.0079392
0.320437
0.714359
0.33249
0.00791657
0.320429
0.714349
0.332483
0.00789407
0.320421
0.714338
0.332477
0.00787169
0.320413
0.714329
0.332471
0.00784944
0.320405
0.714319
0.332464
0.00782732
0.320397
0.714309
0.332458
0.00780531
0.32039
0.714299
0.332452
0.00778343
0.320382
0.714289
0.332446
0.00776167
0.320374
0.714279
0.33244
0.00774004
0.320367
0.71427
0.332434
0.00771852
0.320359
0.71426
0.332428
0.00769711
0.320352
0.714251
0.332422
0.00767583
0.320344
0.714241
0.332416
0.00765466
0.320337
0.714232
0.33241
0.00763361
0.320329
0.714222
0.332404
0.00761267
0.320322
0.714213
0.332398
0.00759185
0.320315
0.714203
0.332392
0.00757114
0.320307
0.714194
0.332386
0.00755054
0.3203
0.714185
0.33238
0.00753005
0.320293
0.714176
0.332375
0.00750967
0.320286
0.714167
0.332369
0.0074894
0.320279
0.714158
0.332363
0.00746924
0.320271
0.714148
0.332358
0.00744919
0.320264
0.714139
0.332352
0.00742924
0.320257
0.714131
0.332346
0.0074094
0.32025
0.714122
0.332341
0.00738966
0.320243
0.714113
0.332335
0.00737003
0.320236
0.714104
0.33233
0.0073505
0.32023
0.714095
0.332324
0.00733107
0.320223
0.714087
0.332319
0.00731175
0.320216
0.714078
0.332313
0.00729252
0.320209
0.714069
0.332308
0.0072734
0.320202
0.714061
0.332302
0.00725437
0.320196
0.714052
0.332297
0.00723544
0.320189
0.714044
0.332292
0.00721661
0.320182
0.714035
0.332286
0.00719788
0.320176
0.714027
0.332281
0.00717925
0.320169
0.714018
0.332276
0.00716071
0.320163
0.71401
0.332271
0.00714226
0.320156
0.714002
0.332265
0.00712391
0.32015
0.713993
0.33226
0.00710565
0.320143
0.713985
0.332255
0.00708748
0.320137
0.713977
0.33225
0.00706941
0.320131
0.713969
0.332245
0.00705142
0.320124
0.713961
0.33224
0.00703353
0.320118
0.713953
0.332235
0.00701573
0.320112
0.713945
0.33223
0.00699802
0.320105
0.713937
0.332225
0.00698039
0.320099
0.713929
0.33222
0.00696285
0.320093
0.713921
0.332215
0.0069454
0.320087
0.713913
0.33221
0.00692804
0.320081
0.713905
0.332205
0.00691076
0.320075
0.713898
0.3322
0.00689357
0.320068
0.71389
0.332195
0.00687646
0.320062
0.713882
0.332191
0.00685944
0.320056
0.713874
0.332186
0.0068425
0.32005
0.713867
0.332181
0.00682564
0.320044
0.713859
0.332176
0.00680887
0.320039
0.713852
0.332172
0.00679217
0.320033
0.713844
0.332167
0.00677556
0.320027
0.713837
0.332162
0.00675903
0.320021
0.713829
0.332158
0.00674258
0.320015
0.713822
0.332153
0.00672621
0.320009
0.713814
0.332148
0.00670991
0.320004
0.713807
0.332144
0.0066937
0.319998
0.7138
0.332139
0.00667756
0.319992
0.713792
0.332135
0.0066615
0.319986
0.713785
0.33213
0.00664551
0.319981
0.713778
0.332125
0.0066296
0.319975
0.713771
0.332121
0.00661377
0.31997
0.713763
0.332117
0.00659801
0.319964
0.713756
0.332112
0.00658233
0.319958
0.713749
0.332108
0.00656671
0.319953
0.713742
0.332103
0.00655118
0.319947
0.713735
0.332099
0.00653571
0.319942
0.713728
0.332095
0.00652032
0.319936
0.713721
0.33209
0.006505
0.319931
0.713714
0.332086
0.00648975
0.319926
0.713707
0.332082
0.00647457
0.31992
0.713701
0.332077
0.00645946
0.319915
0.713694
0.332073
0.00644443
0.31991
0.713687
0.332069
0.00642946
0.319904
0.71368
0.332065
0.00641456
0.319899
0.713673
0.33206
0.00639973
0.319894
0.713667
0.332056
0.00638496
0.319888
0.71366
0.332052
0.00637027
0.319883
0.713653
0.332048
0.00635564
0.319878
0.713647
0.332044
0.00634107
0.319873
0.71364
0.33204
0.00632658
0.319868
0.713633
0.332036
0.00631215
0.319863
0.713627
0.332031
0.00629778
0.319858
0.71362
0.332027
0.00628348
0.319853
0.713614
0.332023
0.00626924
0.319847
0.713607
0.332019
0.00625507
0.319842
0.713601
0.332015
0.00624096
0.319837
0.713595
0.332011
0.00622691
0.319832
0.713588
0.332007
0.00621293
0.319827
0.713582
0.332003
0.00619901
0.319823
0.713576
0.332
0.00618515
0.319818
0.713569
0.331996
0.00617135
0.319813
0.713563
0.331992
0.00615761
0.319808
0.713557
0.331988
0.00614393
0.319803
0.713551
0.331984
0.00613032
0.319798
0.713544
0.33198
0.00611676
0.319793
0.713538
0.331976
0.00610326
0.319789
0.713532
0.331972
0.00608982
0.319784
0.713526
0.331969
0.00607644
0.319779
0.71352
0.331965
0.00606312
0.319774
0.713514
0.331961
0.00604986
0.31977
0.713508
0.331957
0.00603665
0.319765
0.713502
0.331954
0.0060235
0.31976
0.713496
0.33195
0.00601041
0.319756
0.71349
0.331946
0.00599737
0.319751
0.713484
0.331943
0.00598439
0.319746
0.713478
0.331939
0.00597147
0.319742
0.713472
0.331935
0.0059586
0.319737
0.713466
0.331932
0.00594579
0.319733
0.713461
0.331928
0.00593303
0.319728
0.713455
0.331924
0.00592032
0.319724
0.713449
0.331921
0.00590767
0.319719
0.713443
0.331917
0.00589507
0.319715
0.713437
0.331914
0.00588253
0.31971
0.713432
0.33191
0.00587003
0.319706
0.713426
0.331907
0.00585759
0.319701
0.71342
0.331903
0.00584521
0.319697
0.713415
0.3319
0.00583287
0.319692
0.713409
0.331896
0.00582059
0.319688
0.713404
0.331893
0.00580836
0.319684
0.713398
0.331889
0.00579618
0.319679
0.713392
0.331886
0.00578404
0.319675
0.713387
0.331882
0.00577196
0.319671
0.713381
0.331879
0.00575993
0.319667
0.713376
0.331875
0.00574795
0.319662
0.71337
0.331872
0.00573602
0.319658
0.713365
0.331869
0.00572414
0.319654
0.71336
0.331865
0.0057123
0.31965
0.713354
0.331862
0.00570052
0.319645
0.713349
0.331859
0.00568878
0.319641
0.713343
0.331855
0.00567709
0.319637
0.713338
0.331852
0.00566545
0.319633
0.713333
0.331849
0.00565386
0.319629
0.713327
0.331845
0.00564231
0.319625
0.713322
0.331842
0.00563081
0.319621
0.713317
0.331839
0.00561936
0.319616
0.713312
0.331836
0.00560795
0.319612
0.713307
0.331832
0.00559659
0.319608
0.713301
0.331829
0.00558527
0.319604
0.713296
0.331826
0.005574
0.3196
0.713291
0.331823
0.00556277
0.319596
0.713286
0.33182
0.00555159
0.319592
0.713281
0.331817
0.00554046
0.319588
0.713276
0.331813
0.00552936
0.319584
0.713271
0.33181
0.00551832
0.31958
0.713266
0.331807
0.00550731
0.319577
0.713261
0.331804
0.00549635
0.319573
0.713256
0.331801
0.00548543
0.319569
0.713251
0.331798
0.00547456
0.319565
0.713246
0.331795
0.00546373
0.319561
0.713241
0.331792
0.00545294
0.319557
0.713236
0.331789
0.00544219
0.319553
0.713231
0.331786
0.00543148
0.31955
0.713226
0.331783
0.00542082
0.319546
0.713221
0.33178
0.0054102
0.319542
0.713216
0.331777
0.00539962
0.319538
0.713211
0.331774
0.00538908
0.319534
0.713206
0.331771
0.00537858
0.319531
0.713202
0.331768
0.00536812
0.319527
0.713197
0.331765
0.0053577
0.319523
0.713192
0.331762
0.00534732
0.31952
0.713187
0.331759
0.00533698
0.319516
0.713183
0.331756
0.00532669
0.319512
0.713178
0.331753
0.00531643
0.319508
0.713173
0.33175
0.00530621
0.319505
0.713168
0.331747
0.00529603
0.319501
0.713164
0.331744
0.00528588
0.319498
0.713159
0.331741
0.00527578
0.319494
0.713155
0.331738
0.00526571
0.31949
0.71315
0.331736
0.00525569
0.319487
0.713145
0.331733
0.0052457
0.319483
0.713141
0.33173
0.00523574
0.31948
0.713136
0.331727
0.00522583
0.319476
0.713132
0.331724
0.00521595
0.319473
0.713127
0.331722
0.00520611
0.319469
0.713123
0.331719
0.00519631
0.319466
0.713118
0.331716
0.00518654
0.319462
0.713114
0.331713
0.00517681
0.319459
0.713109
0.33171
0.00516712
0.319455
0.713105
0.331708
0.00515746
0.319452
0.7131
0.331705
0.00514784
0.319448
0.713096
0.331702
0.00513825
0.319445
0.713091
0.3317
0.0051287
0.319441
0.713087
0.331697
0.00511918
0.319438
0.713083
0.331694
0.0051097
0.319435
0.713078
0.331691
0.00510025
0.319431
0.713074
0.331689
0.00509084
0.319428
0.71307
0.331686
0.00508146
0.319425
0.713065
0.331683
0.00507212
0.319421
0.713061
0.331681
0.00506281
0.319418
0.713057
0.331678
0.00505353
0.319415
0.713052
0.331676
0.00504429
0.319411
0.713048
0.331673
0.00503508
0.319408
0.713044
0.33167
0.00502591
0.319405
0.71304
0.331668
0.00501677
0.319401
0.713036
0.331665
0.00500766
0.319398
0.713031
0.331663
0.00499858
0.319395
0.713027
0.33166
0.00498954
0.319392
0.713023
0.331657
0.00498053
0.319388
0.713019
0.331655
0.00497155
0.319385
0.713015
0.331652
0.0049626
0.319382
0.713011
0.33165
0.00495369
0.319379
0.713007
0.331647
0.00494481
0.319376
0.713002
0.331645
0.00493596
0.319373
0.712998
0.331642
0.00492714
0.319369
0.712994
0.33164
0.00491835
0.319366
0.71299
0.331637
0.00490959
0.319363
0.712986
0.331635
0.00490086
0.31936
0.712982
0.331632
0.00489217
0.319357
0.712978
0.33163
0.0048835
0.319354
0.712974
0.331627
0.00487487
0.319351
0.71297
0.331625
0.00486626
0.319348
0.712966
0.331623
0.00485769
0.319345
0.712962
0.33162
0.00484914
0.319341
0.712958
0.331618
0.00484063
0.319338
0.712954
0.331615
0.00483214
0.319335
0.712951
0.331613
0.00482369
0.319332
0.712947
0.33161
0.00481526
0.319329
0.712943
0.331608
0.00480687
0.319326
0.712939
0.331606
0.0047985
0.319323
0.712935
0.331603
0.00479016
0.31932
0.712931
0.331601
0.00478185
0.319317
0.712927
0.331599
0.00477357
0.319314
0.712924
0.331596
0.00476531
0.319311
0.71292
0.331594
0.00475709
0.319308
0.712916
0.331592
0.00474889
0.319306
0.712912
0.331589
0.00474072
0.319303
0.712908
0.331587
0.00473258
0.3193
0.712905
0.331585
0.00472447
0.319297
0.712901
0.331582
0.00471638
0.319294
0.712897
0.33158
0.00470833
0.319291
0.712893
0.331578
0.0047003
0.319288
0.71289
0.331575
0.00469229
0.319285
0.712886
0.331573
0.00468431
0.319282
0.712882
0.331571
0.00467637
0.31928
0.712879
0.331569
0.00466844
0.319277
0.712875
0.331566
0.00466055
0.319274
0.712871
0.331564
0.00465268
0.319271
0.712868
0.331562
0.00464483
0.319268
0.712864
0.33156
0.00463702
0.319265
0.712861
0.331558
0.00462922
0.319263
0.712857
0.331555
0.00462146
0.31926
0.712853
0.331553
0.00461372
0.319257
0.71285
0.331551
0.00460601
0.319254
0.712846
0.331549
0.00459832
0.319252
0.712843
0.331547
0.00459066
0.319249
0.712839
0.331544
0.00458302
0.319246
0.712836
0.331542
0.00457541
0.319243
0.712832
0.33154
0.00456782
0.319241
0.712829
0.331538
0.00456026
0.319238
0.712825
0.331536
0.00455272
0.319235
0.712822
0.331534
0.00454521
0.319232
0.712818
0.331531
0.00453772
0.31923
0.712815
0.331529
0.00453026
0.319227
0.712811
0.331527
0.00452282
0.319224
0.712808
0.331525
0.0045154
0.319222
0.712804
0.331523
0.00450801
0.319219
0.712801
0.331521
0.00450064
0.319216
0.712798
0.331519
0.0044933
0.319214
0.712794
0.331517
0.00448598
0.319211
0.712791
0.331515
0.00447869
0.319209
0.712787
0.331513
0.00447142
0.319206
0.712784
0.331511
0.00446417
0.319203
0.712781
0.331508
0.00445694
0.319201
0.712777
0.331506
0.00444974
0.319198
0.712774
0.331504
0.00444256
0.319196
0.712771
0.331502
0.0044354
0.319193
0.712767
0.3315
0.00442827
0.31919
0.712764
0.331498
0.00442116
0.319188
0.712761
0.331496
0.00441407
0.319185
0.712757
0.331494
0.00440701
0.319183
0.712754
0.331492
0.00439997
0.31918
0.712751
0.33149
0.00439295
0.319178
0.712748
0.331488
0.00438595
0.319175
0.712744
0.331486
0.00437897
0.319173
0.712741
0.331484
0.00437202
0.31917
0.712738
0.331482
0.00436509
0.319168
0.712735
0.33148
0.00435818
0.319165
0.712732
0.331478
0.00435129
0.319163
0.712728
0.331476
0.00434442
0.31916
0.712725
0.331475
0.00433757
0.319158
0.712722
0.331473
0.00433075
0.319155
0.712719
0.331471
0.00432395
0.319153
0.712716
0.331469
0.00431717
0.319151
0.712713
0.331467
0.00431041
0.319148
0.712709
0.331465
0.00430367
0.319146
0.712706
0.331463
0.00429695
0.319143
0.712703
0.331461
0.00429025
0.319141
0.7127
0.331459
0.00428357
0.319138
0.712697
0.331457
0.00427692
0.319136
0.712694
0.331455
0.00427028
0.319134
0.712691
0.331453
0.00426367
0.319131
0.712688
0.331452
0.00425707
0.319129
0.712685
0.33145
0.0042505
0.319127
0.712682
0.331448
0.00424394
0.319124
0.712679
0.331446
0.00423741
0.319122
0.712676
0.331444
0.00423089
0.31912
0.712672
0.331442
0.0042244
0.319117
0.712669
0.33144
0.00421792
0.319115
0.712666
0.331439
0.00421147
0.319113
0.712663
0.331437
0.00420503
0.31911
0.71266
0.331435
0.00419861
0.319108
0.712658
0.331433
0.00419222
0.319106
0.712655
0.331431
0.00418584
0.319103
0.712652
0.33143
0.00417948
0.319101
0.712649
0.331428
0.00417314
0.319099
0.712646
0.331426
0.00416682
0.319096
0.712643
0.331424
0.00416052
0.319094
0.71264
0.331422
0.00415424
0.319092
0.712637
0.331421
0.00414798
0.31909
0.712634
0.331419
0.00414173
0.319087
0.712631
0.331417
0.00413551
0.319085
0.712628
0.331415
0.0041293
0.319083
0.712625
0.331413
0.00412311
0.319081
0.712622
0.331412
0.00411694
0.319079
0.71262
0.33141
0.00411079
0.319076
0.712617
0.331408
0.00410465
0.319074
0.712614
0.331406
0.00409854
0.319072
0.712611
0.331405
0.00409244
0.31907
0.712608
0.331403
0.00408636
0.319068
0.712605
0.331401
0.0040803
0.319065
0.712603
0.3314
0.00407426
0.319063
0.7126
0.331398
0.00406823
0.319061
0.712597
0.331396
0.00406222
0.319059
0.712594
0.331394
0.00405623
0.319057
0.712591
0.331393
0.00405026
0.319055
0.712589
0.331391
0.0040443
0.319052
0.712586
0.331389
0.00403836
0.31905
0.712583
0.331388
0.00403244
0.319048
0.71258
0.331386
0.00402654
0.319046
0.712577
0.331384
0.00402065
0.319044
0.712575
0.331383
0.00401478
0.319042
0.712572
0.331381
0.00400893
0.31904
0.712569
0.331379
0.00400309
0.319038
0.712567
0.331378
0.00399728
0.319035
0.712564
0.331376
0.00399147
0.319033
0.712561
0.331374
0.00398569
0.319031
0.712558
0.331373
0.00397992
0.319029
0.712556
0.331371
0.00397417
0.319027
0.712553
0.331369
0.00396843
0.319025
0.71255
0.331368
0.00396271
0.319023
0.712548
0.331366
0.00395701
0.319021
0.712545
0.331365
0.00395132
0.319019
0.712542
0.331363
0.00394565
0.319017
0.71254
0.331361
0.00394
0.319015
0.712537
0.33136
0.00393436
0.319013
0.712535
0.331358
0.00392874
0.319011
0.712532
0.331357
0.00392313
0.319009
0.712529
0.331355
0.00391754
0.319007
0.712527
0.331353
0.00391197
0.319005
0.712524
0.331352
0.00390641
0.319003
0.712522
0.33135
0.00390087
0.319001
0.712519
0.331349
0.00389534
0.318999
0.712516
0.331347
0.00388983
0.318997
0.712514
0.331345
0.00388433
0.318995
0.712511
0.331344
0.00387885
0.318993
