-6.27744e+66
0.181556
0.824546
0.200334
0.794683
0.243334
0.749513
0.29962
0.696898
0.361333
0.642566
0.418953
0.597978
0.463255
0.565165
0.49091
0.548452
0.504487
0.539696
0.509418
0.538226
0.510182
0.5374
0.509691
0.538319
0.508962
0.538254
0.50856
0.538555
0.508253
0.538439
0.508214
0.538204
0.508094
0.538268
0.50815
0.537712
0.508043
0.538052
0.508108
0.537233
0.507985
0.53785
0.508055
0.536778
0.50792
0.537657
0.507997
0.53634
0.507852
0.537468
0.507938
0.535916
0.507784
0.537283
0.507879
0.535504
0.507717
0.537102
0.50782
0.535105
0.50765
0.536924
0.507761
0.534716
0.507583
0.536749
0.507702
0.534338
0.507516
0.536578
0.507643
0.533969
0.50745
0.53641
0.507584
0.53361
0.507384
0.536245
0.507526
0.53326
0.507318
0.536083
0.507467
0.532918
0.507253
0.535925
0.507409
0.532584
0.507188
0.53577
0.507351
0.532258
0.507123
0.535618
0.507293
0.531939
0.507059
0.535469
0.507235
0.531626
0.506995
0.535323
0.507178
0.53132
0.506931
0.535181
0.50712
0.531021
0.506868
0.535041
0.507064
0.530727
0.506806
0.534905
0.507007
0.530439
0.506744
0.534772
0.506951
0.530156
0.506682
0.534642
0.506895
0.529878
0.506621
0.534515
0.50684
0.529605
0.506561
0.534391
0.506785
0.529336
0.5065
0.534271
0.506731
0.529073
0.506441
0.534153
0.506677
0.528813
0.506382
0.534039
0.506623
0.528557
0.506323
0.533928
0.50657
0.528305
0.506265
0.533821
0.506518
0.528057
0.506208
0.533716
0.506466
0.527812
0.506151
0.533615
0.506414
0.527571
0.506094
0.533517
0.506363
0.527332
0.506038
0.533423
0.506312
0.527096
0.505983
0.533332
0.506262
0.526863
0.505928
0.533244
0.506212
0.526633
0.505874
0.53316
0.506163
0.526405
0.50582
0.533079
0.506115
0.526179
0.505766
0.533001
0.506067
0.525956
0.505713
0.532927
0.506019
0.525734
0.505661
0.532857
0.505972
0.525513
0.505609
0.53279
0.505925
0.525294
0.505558
0.532727
0.505879
0.525077
0.505507
0.532668
0.505834
0.52486
0.505456
0.532612
0.505789
0.524645
0.505406
0.532561
0.505744
0.52443
0.505356
0.532513
0.5057
0.524216
0.505307
0.532468
0.505656
0.524002
0.505257
0.532428
0.505613
0.523788
0.505209
0.532392
0.50557
0.523574
0.50516
0.53236
0.505527
0.52336
0.505112
0.532332
0.505485
0.523145
0.505064
0.532309
0.505443
0.522929
0.505016
0.532289
0.505402
0.522713
0.504969
0.532274
0.505361
0.522495
0.504921
0.532264
0.50532
0.522275
0.504874
0.532259
0.505279
0.522053
0.504827
0.532258
0.505239
0.52183
0.50478
0.532262
0.505199
0.521603
0.504732
0.532271
0.505159
0.521374
0.504685
0.532285
0.505119
0.521142
0.504637
0.532304
0.505079
0.520906
0.50459
0.532329
0.505039
0.520666
0.504542
0.53236
0.504999
0.520422
0.504493
0.532396
0.504959
0.520173
0.504445
0.532438
0.504919
0.519919
0.504395
0.532487
0.504879
0.519659
0.504346
0.532542
0.504839
0.519393
0.504295
0.532604
0.504798
0.51912
0.504244
0.532673
0.504757
0.518839
0.504192
0.532749
0.504715
0.518551
0.50414
0.532833
0.504673
0.518253
0.504086
0.532925
0.504631
0.517946
0.504031
0.533026
0.504587
0.517628
0.503974
0.533135
0.504543
0.5173
0.503916
0.533254
0.504498
0.516959
0.503857
0.533382
0.504452
0.516604
0.503796
0.533521
0.504405
0.516235
0.503732
0.533671
0.504356
0.515851
0.503667
0.533832
0.504306
0.51545
0.503599
0.534006
0.504254
0.51503
0.503528
0.534192
0.504201
0.51459
0.503455
0.534393
0.504145
0.514128
0.503378
0.534608
0.504087
0.513643
0.503297
0.53484
0.504026
0.513131
0.503213
0.535088
0.503962
0.512592
0.503124
0.535355
0.503895
0.512021
0.50303
0.535641
0.503825
0.511417
0.502931
0.535949
0.50375
0.510775
0.502826
0.53628
0.503671
0.510092
0.502714
0.536635
0.503587
0.509365
0.502595
0.537018
0.503497
0.508588
0.502467
0.537431
0.503401
0.507757
0.50233
0.537875
0.503297
0.506865
0.502183
0.538355
0.503185
0.505906
0.502024
0.538874
0.503064
0.504872
0.501851
0.539435
0.502933
0.503755
0.501664
0.540044
0.502789
0.502545
0.501459
0.540705
0.502631
0.50123
0.501236
0.541425
0.502458
0.499798
0.500989
0.542209
0.502267
0.498233
0.500718
0.543067
0.502054
0.496518
0.500416
0.544006
0.501816
0.494632
0.50008
0.545038
0.50155
0.492551
0.499705
0.546175
0.501249
0.490247
0.499282
0.547431
0.500909
0.487685
0.498803
0.548824
0.50052
0.484826
0.498259
0.550374
0.500073
0.481622
0.497635
0.552105
0.499557
0.478016
0.496916
0.554046
0.498956
0.473938
0.496081
0.556233
0.498251
0.469304
0.495104
0.558707
0.497417
0.464013
0.493952
0.561518
0.496422
0.457941
0.492581
0.564729
0.495226
0.450937
0.490938
0.568413
0.493774
0.442816
0.488949
0.572658
0.491996
0.433355
0.486521
0.577569
0.489801
0.422287
0.483533
0.583268
0.487067
0.409293
0.479829
0.589893
0.483642
0.394011
0.475213
0.597588
0.47933
0.376045
0.469448
0.606489
0.473897
0.355007
0.462265
0.616699
0.46708
0.330593
0.453397
0.628234
0.458625
0.302713
0.442644
0.640972
0.448352
0.27167
0.429985
0.654593
0.436271
0.238351
0.415699
0.668555
0.422686
0.204287
0.400434
0.682144
0.40826
0.171455
0.385133
0.694612
0.393919
0.141769
0.3708
0.705359
0.380614
0.116523
0.358229
0.714059
0.369057
0.0961222
0.347831
0.720686
0.359582
0.0802236
0.339648
0.725435
0.352176
0.0680907
0.333468
0.728617
0.346607
0.0589021
0.328958
0.730568
0.34255
0.051925
0.325767
0.731598
0.339674
0.0465727
0.323573
0.731965
0.337686
0.0424023
0.32211
0.731875
0.336345
0.039089
0.321169
0.731482
0.335464
0.0363991
0.32059
0.730902
0.334901
0.0341659
0.320258
0.730216
0.334555
0.0322708
0.320087
0.729479
0.33435
0.0306301
0.320019
0.728729
0.334237
0.0291842
0.320013
0.727991
0.33418
0.027891
0.320044
0.727278
0.334156
0.0267203
0.320092
0.726599
0.33415
0.0256502
0.320149
0.725957
0.334152
0.0246646
0.320205
0.725352
0.334156
0.0237515
0.320259
0.724784
0.33416
0.0229018
0.320308
0.724252
0.334162
0.0221082
0.320352
0.723752
0.334161
0.0213648
0.32039
0.723282
0.334156
0.0206667
0.320422
0.72284
0.334149
0.02001
0.32045
0.722423
0.334138
0.0193909
0.320474
0.72203
0.334126
0.0188065
0.320493
0.721658
0.334111
0.0182541
0.32051
0.721305
0.334095
0.017731
0.320524
0.72097
0.334078
0.0172353
0.320535
0.720651
0.33406
0.0167649
0.320544
0.720348
0.334041
0.0163179
0.320552
0.720058
0.334021
0.0158928
0.320558
0.719781
0.334001
0.015488
0.320563
0.719516
0.333981
0.0151023
0.320567
0.719261
0.33396
0.0147343
0.32057
0.719017
0.33394
0.0143829
0.320573
0.718783
0.333919
0.014047
0.320574
0.718557
0.333898
0.0137258
0.320575
0.71834
0.333878
0.0134182
0.320576
0.718131
0.333858
0.0131235
0.320577
0.717929
0.333838
0.0128409
0.320577
0.717733
0.333818
0.0125697
0.320577
0.717545
0.333798
0.0123093
0.320576
0.717362
0.333779
0.012059
0.320576
0.717185
0.333759
0.0118183
0.320575
0.717014
0.333741
0.0115867
0.320574
0.716847
0.333722
0.0113637
0.320573
0.716686
0.333703
0.0111488
0.320572
0.716529
0.333685
0.0109416
0.320572
0.716377
0.333667
0.0107418
0.320571
0.716228
0.33365
0.0105489
0.32057
0.716084
0.333632
0.0103626
0.320568
0.715943
0.333615
0.0101826
0.320567
0.715806
0.333598
0.0100086
0.320567
0.715673
0.333581
0.0098403
0.320566
0.715542
0.333565
0.00967744
0.320565
0.715415
0.333548
0.00951976
0.320564
0.715291
0.333532
0.00936704
0.320563
0.715169
0.333516
0.00921904
0.320562
0.715051
0.333501
0.00907557
0.320561
0.714935
0.333485
0.00893642
0.32056
0.714821
0.33347
0.00880142
0.32056
0.71471
0.333455
0.00867037
0.320559
0.714601
0.33344
0.00854312
0.320559
0.714494
0.333426
0.00841951
0.320558
0.71439
0.333411
0.0082994
0.320558
0.714287
0.333397
0.00818263
0.320557
0.714187
0.333383
0.00806908
0.320557
0.714088
0.333369
0.00795862
0.320556
0.713991
0.333355
0.00785113
0.320556
0.713896
0.333341
0.0077465
0.320556
0.713803
0.333328
0.00764461
0.320556
0.713711
0.333314
0.00754536
0.320556
0.713621
0.333301
0.00744866
0.320555
0.713532
0.333288
0.00735441
0.320555
0.713445
0.333275
0.00726252
0.320555
0.71336
0.333262
0.00717291
0.320555
0.713275
0.333249
0.00708549
0.320556
0.713192
0.333237
0.00700019
0.320556
0.713111
0.333224
0.00691694
0.320556
0.71303
0.333212
0.00683566
0.320556
0.712951
0.3332
0.00675628
0.320556
0.712873
0.333187
0.00667875
0.320557
0.712796
0.333175
0.006603
0.320557
0.71272
0.333163
0.00652897
0.320557
0.712646
0.333152
0.0064566
0.320557
0.712572
0.33314
0.00638584
0.320558
0.712499
0.333128
0.00631664
0.320558
0.712428
0.333116
0.00624895
0.320559
0.712357
0.333105
0.00618272
0.320559
0.712288
0.333093
0.00611791
0.32056
0.712219
0.333082
0.00605447
0.32056
0.712151
0.333071
0.00599235
0.320561
0.712084
0.33306
0.00593153
0.320561
0.712018
0.333048
0.00587195
0.320562
0.711953
0.333037
0.00581359
0.320562
0.711888
0.333026
0.0057564
0.320563
0.711825
0.333015
0.00570035
0.320563
0.711762
0.333004
0.00564542
0.320564
0.7117
0.332994
0.00559156
0.320564
0.711639
0.332983
0.00553874
0.320565
0.711578
0.332972
0.00548694
0.320565
0.711519
0.332962
0.00543612
0.320566
0.71146
0.332951
0.00538627
0.320566
0.711401
0.33294
0.00533735
0.320567
0.711344
0.33293
0.00528933
0.320568
0.711287
0.33292
0.0052422
0.320568
0.71123
0.332909
0.00519593
0.320569
0.711175
0.332899
0.00515049
0.320569
0.71112
0.332889
0.00510586
0.32057
0.711065
0.332878
0.00506203
0.32057
0.711011
0.332868
0.00501896
0.320571
0.710958
0.332858
0.00497665
0.320571
0.710906
0.332848
0.00493507
0.320571
0.710854
0.332838
0.0048942
0.320572
0.710802
0.332828
0.00485403
0.320572
0.710752
0.332818
0.00481453
0.320573
0.710701
0.332808
0.00477569
0.320573
0.710652
0.332798
0.0047375
0.320574
0.710603
0.332788
0.00469993
0.320574
0.710554
0.332779
0.00466298
0.320574
0.710506
0.332769
0.00462662
0.320575
0.710459
0.332759
0.00459085
0.320575
0.710412
0.33275
0.00455564
0.320575
0.710365
0.33274
0.004521
0.320575
0.71032
0.33273
0.00448689
0.320576
0.710274
0.332721
0.00445331
0.320576
0.710229
0.332711
0.00442025
0.320576
0.710185
0.332702
0.0043877
0.320576
0.710141
0.332693
0.00435564
0.320576
0.710098
0.332683
0.00432406
0.320576
0.710055
0.332674
0.00429296
0.320576
0.710012
0.332665
0.00426231
0.320576
0.70997
0.332655
0.00423212
0.320576
0.709929
0.332646
0.00420237
0.320576
0.709888
0.332637
0.00417305
0.320576
0.709847
0.332628
0.00414415
0.320576
0.709807
0.332619
0.00411566
0.320576
0.709767
0.33261
0.00408758
0.320576
0.709728
0.332601
0.00405989
0.320576
0.709689
0.332592
0.00403259
0.320576
0.709651
0.332583
0.00400567
0.320575
0.709613
0.332574
0.00397912
0.320575
0.709575
0.332565
0.00395293
0.320575
0.709538
0.332556
0.0039271
0.320575
0.709502
0.332548
0.00390161
0.320574
0.709465
0.332539
0.00387647
0.320574
0.70943
0.33253
0.00385167
0.320573
0.709394
0.332522
0.00382719
0.320573
0.709359
0.332513
0.00380303
0.320573
0.709325
0.332505
0.00377918
0.320572
0.70929
0.332496
0.00375565
0.320572
0.709256
0.332488
0.00373242
0.320571
0.709223
0.332479
0.00370949
0.320571
0.70919
0.332471
0.00368684
0.32057
0.709157
0.332463
0.00366449
0.320569
0.709125
0.332454
0.00364241
0.320569
0.709093
0.332446
0.00362061
0.320568
0.709062
0.332438
0.00359908
0.320567
0.70903
0.33243
0.00357781
0.320567
0.709
0.332422
0.00355681
0.320566
0.708969
0.332414
0.00353606
0.320565
0.708939
0.332406
0.00351556
0.320564
0.708909
0.332398
0.0034953
0.320563
0.70888
0.33239
0.00347529
0.320563
0.708851
0.332382
0.00345552
0.320562
0.708822
0.332374
0.00343598
0.320561
0.708794
0.332367
0.00341667
0.32056
0.708766
0.332359
0.00339759
0.320559
0.708738
0.332351
0.00337872
0.320558
0.708711
0.332344
0.00336008
0.320557
0.708684
0.332336
0.00334165
0.320556
0.708657
0.332329
0.00332343
0.320555
0.708631
0.332321
0.00330541
0.320554
0.708605
0.332314
0.0032876
0.320553
0.708579
0.332307
0.00326999
0.320552
0.708554
0.332299
0.00325258
0.320551
0.708529
0.332292
0.00323536
0.32055
0.708504
0.332285
0.00321834
0.320548
0.70848
0.332278
0.0032015
0.320547
0.708456
0.332271
0.00318484
0.320546
0.708432
0.332264
0.00316837
0.320545
0.708408
0.332257
0.00315207
0.320544
0.708385
0.33225
0.00313595
0.320543
0.708362
0.332243
0.00312001
0.320541
0.708339
0.332236
0.00310423
0.32054
0.708317
0.33223
0.00308863
0.320539
0.708295
0.332223
0.00307319
0.320538
0.708273
0.332216
0.00305791
0.320536
0.708252
0.33221
0.00304279
0.320535
0.70823
0.332203
0.00302783
0.320534
0.708209
0.332197
0.00301303
0.320532
0.708188
0.33219
0.00299838
0.320531
0.708168
0.332184
0.00298388
0.32053
0.708148
0.332178
0.00296953
0.320528
0.708128
0.332171
0.00295533
0.320527
0.708108
0.332165
0.00294127
0.320525
0.708089
0.332159
0.00292736
0.320524
0.708069
0.332153
0.00291359
0.320523
0.70805
0.332147
0.00289995
0.320521
0.708032
0.332141
0.00288645
0.32052
0.708013
0.332135
0.00287309
0.320518
0.707995
0.332129
0.00285986
0.320517
0.707977
0.332123
0.00284676
0.320516
0.707959
0.332118
0.0028338
0.320514
0.707942
0.332112
0.00282096
0.320513
0.707924
0.332106
0.00280824
0.320511
0.707907
0.332101
0.00279565
0.32051
0.70789
0.332095
0.00278319
0.320508
0.707874
0.332089
0.00277084
0.320507
0.707857
0.332084
0.00275861
0.320505
0.707841
0.332079
0.00274651
0.320504
0.707825
0.332073
0.00273451
0.320502
0.707809
0.332068
0.00272264
0.320501
0.707794
0.332063
0.00271088
0.320499
0.707778
0.332058
0.00269922
0.320498
0.707763
0.332052
0.00268768
0.320497
0.707748
0.332047
0.00267625
0.320495
0.707733
0.332042
0.00266493
0.320494
0.707718
0.332037
0.00265371
0.320492
0.707704
0.332032
0.0026426
0.320491
0.70769
0.332028
0.0026316
0.320489
0.707676
0.332023
0.00262069
0.320488
0.707662
0.332018
0.00260989
0.320486
0.707648
0.332013
0.00259918
0.320485
0.707635
0.332009
0.00258858
0.320483
0.707621
0.332004
0.00257807
0.320482
0.707608
0.331999
0.00256766
0.32048
0.707595
0.331995
0.00255735
0.320479
0.707582
0.33199
0.00254713
0.320477
0.70757
0.331986
0.002537
0.320476
0.707557
0.331981
0.00252697
0.320474
0.707545
0.331977
0.00251702
0.320473
0.707532
0.331973
0.00250717
0.320472
0.70752
0.331969
0.00249741
0.32047
0.707509
0.331964
0.00248773
0.320469
0.707497
0.33196
0.00247814
0.320467
0.707485
0.331956
0.00246864
0.320466
0.707474
0.331952
0.00245922
0.320464
0.707462
0.331948
0.00244988
0.320463
0.707451
0.331944
0.00244063
0.320462
0.70744
0.33194
0.00243146
0.32046
0.707429
0.331936
0.00242237
0.320459
0.707419
0.331932
0.00241336
0.320457
0.707408
0.331929
0.00240443
0.320456
0.707398
0.331925
0.00239558
0.320455
0.707387
0.331921
0.00238681
0.320453
0.707377
0.331918
0.00237811
0.320452
0.707367
0.331914
0.00236949
0.32045
0.707357
0.33191
0.00236095
0.320449
0.707347
0.331907
0.00235248
0.320448
0.707337
0.331903
0.00234408
0.320446
0.707328
0.3319
0.00233576
0.320445
0.707318
0.331896
0.0023275
0.320444
0.707309
0.331893
0.00231932
0.320442
0.7073
0.33189
0.00231121
0.320441
0.707291
0.331887
0.00230317
0.32044
0.707282
0.331883
0.0022952
0.320438
0.707273
0.33188
0.0022873
0.320437
0.707264
0.331877
0.00227946
0.320436
0.707255
0.331874
0.00227169
0.320435
0.707247
0.331871
0.00226399
0.320433
0.707238
0.331868
0.00225635
0.320432
0.70723
0.331865
0.00224878
0.320431
0.707221
0.331862
0.00224127
0.32043
0.707213
0.331859
0.00223382
0.320428
0.707205
0.331856
0.00222644
0.320427
0.707197
0.331853
0.00221912
0.320426
0.707189
0.33185
0.00221186
0.320425
0.707181
0.331847
0.00220466
0.320424
0.707173
0.331844
0.00219752
0.320422
0.707166
0.331842
0.00219045
0.320421
0.707158
0.331839
0.00218343
0.32042
0.707151
0.331836
0.00217647
0.320419
0.707143
0.331834
0.00216956
0.320418
0.707136
0.331831
0.00216272
0.320417
0.707129
0.331828
0.00215593
0.320415
0.707122
0.331826
0.0021492
0.320414
0.707115
0.331823
0.00214252
0.320413
0.707108
0.331821
0.0021359
0.320412
0.707101
0.331818
0.00212934
0.320411
0.707094
0.331816
0.00212282
0.32041
0.707087
0.331814
0.00211637
0.320409
0.70708
0.331811
0.00210996
0.320408
0.707074
0.331809
0.00210361
0.320407
0.707067
0.331807
0.00209731
0.320406
0.707061
0.331804
0.00209106
0.320405
0.707054
0.331802
0.00208486
0.320404
0.707048
0.3318
0.00207871
0.320403
0.707042
0.331798
0.00207261
0.320402
0.707035
0.331796
0.00206657
0.320401
0.707029
0.331794
0.00206057
0.3204
0.707023
0.331791
0.00205462
0.320399
0.707017
0.331789
0.00204872
0.320398
0.707011
0.331787
0.00204286
0.320397
0.707005
0.331785
0.00203706
0.320396
0.706999
0.331783
0.0020313
0.320395
0.706993
0.331781
0.00202558
0.320394
0.706988
0.331779
0.00201992
0.320393
0.706982
0.331777
0.0020143
0.320392
0.706976
0.331776
0.00200872
0.320392
0.706971
0.331774
0.00200319
0.320391
0.706965
0.331772
0.0019977
0.32039
0.70696
0.33177
0.00199226
0.320389
0.706954
0.331768
0.00198686
0.320388
0.706949
0.331767
0.00198151
0.320387
0.706944
0.331765
0.00197619
0.320387
0.706938
0.331763
0.00197092
0.320386
0.706933
0.331761
0.0019657
0.320385
0.706928
0.33176
0.00196051
0.320384
0.706923
0.331758
0.00195536
0.320383
0.706918
0.331756
0.00195026
0.320383
0.706913
0.331755
0.0019452
0.320382
0.706907
0.331753
0.00194017
0.320381
0.706903
0.331752
0.00193519
0.32038
0.706898
0.33175
0.00193025
0.32038
0.706893
0.331749
0.00192534
0.320379
0.706888
0.331747
0.00192048
0.320378
0.706883
0.331746
0.00191565
0.320378
0.706878
0.331744
0.00191086
0.320377
0.706873
0.331743
0.00190611
0.320376
0.706869
0.331741
0.0019014
0.320376
0.706864
0.33174
0.00189672
0.320375
0.706859
0.331739
0.00189208
0.320374
0.706855
0.331737
0.00188748
0.320374
0.70685
0.331736
0.00188292
0.320373
0.706846
0.331735
0.00187839
0.320373
0.706841
0.331733
0.00187389
0.320372
0.706837
0.331732
0.00186943
0.320371
0.706832
0.331731
0.00186501
0.320371
0.706828
0.33173
0.00186062
0.32037
0.706824
0.331728
0.00185627
0.32037
0.706819
0.331727
0.00185195
0.320369
0.706815
0.331726
0.00184766
0.320369
0.706811
0.331725
0.00184341
0.320368
0.706806
0.331724
0.00183919
0.320368
0.706802
0.331723
0.00183501
0.320367
0.706798
0.331721
0.00183085
0.320367
0.706794
0.33172
0.00182673
0.320366
0.70679
0.331719
0.00182265
0.320366
0.706785
0.331718
0.00181859
0.320365
0.706781
0.331717
0.00181457
0.320365
0.706777
0.331716
0.00181057
0.320364
0.706773
0.331715
0.00180661
0.320364
0.706769
0.331714
0.00180268
0.320364
0.706765
0.331713
0.00179879
0.320363
0.706761
0.331712
0.00179492
0.320363
0.706757
0.331711
0.00179108
0.320362
0.706753
0.33171
0.00178727
0.320362
0.706749
0.331709
0.00178349
0.320362
0.706746
0.331708
0.00177975
0.320361
0.706742
0.331707
0.00177603
0.320361
0.706738
0.331707
0.00177234
0.320361
0.706734
0.331706
0.00176868
0.32036
0.70673
0.331705
0.00176504
0.32036
0.706726
0.331704
0.00176144
0.32036
0.706723
0.331703
0.00175787
0.320359
0.706719
0.331702
0.00175432
0.320359
0.706715
0.331702
0.0017508
0.320359
0.706711
0.331701
0.00174731
0.320359
0.706708
0.3317
0.00174384
0.320358
0.706704
0.331699
0.00174041
0.320358
0.7067
0.331699
0.001737
0.320358
0.706697
0.331698
0.00173361
0.320358
0.706693
0.331697
0.00173026
0.320357
0.706689
0.331696
0.00172693
0.320357
0.706686
0.331696
0.00172362
0.320357
0.706682
0.331695
0.00172035
0.320357
0.706679
0.331694
0.00171709
0.320357
0.706675
0.331694
0.00171387
0.320356
0.706671
0.331693
0.00171067
0.320356
0.706668
0.331692
0.00170749
0.320356
0.706664
0.331692
0.00170434
0.320356
0.706661
0.331691
0.00170122
0.320356
0.706657
0.331691
0.00169812
0.320356
0.706654
0.33169
0.00169504
0.320356
0.70665
0.33169
0.00169199
0.320355
0.706647
0.331689
0.00168896
0.320355
0.706644
0.331688
0.00168596
0.320355
0.70664
0.331688
0.00168298
0.320355
0.706637
0.331687
0.00168002
0.320355
0.706633
0.331687
0.00167709
0.320355
0.70663
0.331686
0.00167418
0.320355
0.706626
0.331686
0.0016713
0.320355
0.706623
0.331685
0.00166843
0.320355
0.70662
0.331685
0.00166559
0.320355
0.706616
0.331684
0.00166278
0.320355
0.706613
0.331684
0.00165998
0.320355
0.70661
0.331684
0.00165721
0.320355
0.706606
0.331683
0.00165446
0.320355
0.706603
0.331683
0.00165173
0.320355
0.7066
0.331682
0.00164903
0.320355
0.706596
0.331682
0.00164634
0.320355
0.706593
0.331681
0.00164368
0.320355
0.70659
0.331681
0.00164104
0.320355
0.706586
0.331681
0.00163842
0.320355
0.706583
0.33168
0.00163582
0.320355
0.70658
0.33168
0.00163325
0.320355
0.706577
0.33168
0.00163069
0.320355
0.706573
0.331679
0.00162815
0.320356
0.70657
0.331679
0.00162564
0.320356
0.706567
0.331679
0.00162314
0.320356
0.706564
0.331678
0.00162067
0.320356
0.70656
0.331678
0.00161822
0.320356
0.706557
0.331678
0.00161578
0.320356
0.706554
0.331678
0.00161337
0.320356
0.706551
0.331677
0.00161098
0.320356
0.706548
0.331677
0.0016086
0.320357
0.706544
0.331677
0.00160625
0.320357
0.706541
0.331677
0.00160391
0.320357
0.706538
0.331676
0.0016016
0.320357
0.706535
0.331676
0.0015993
0.320357
0.706532
0.331676
0.00159702
0.320358
0.706528
0.331676
0.00159477
0.320358
0.706525
0.331675
0.00159253
0.320358
0.706522
0.331675
0.00159031
0.320358
0.706519
0.331675
0.00158811
0.320359
0.706516
0.331675
0.00158592
0.320359
0.706513
0.331675
0.00158376
0.320359
0.706509
0.331675
0.00158161
0.320359
0.706506
0.331674
0.00157948
0.32036
0.706503
0.331674
0.00157737
0.32036
0.7065
0.331674
0.00157528
0.32036
0.706497
0.331674
0.0015732
0.32036
0.706494
0.331674
0.00157115
0.320361
0.706491
0.331674
0.00156911
0.320361
0.706487
0.331674
0.00156709
0.320361
0.706484
0.331674
0.00156508
0.320362
0.706481
0.331674
0.0015631
0.320362
0.706478
0.331673
0.00156113
0.320362
0.706475
0.331673
0.00155917
0.320363
0.706472
0.331673
0.00155724
0.320363
0.706469
0.331673
0.00155532
0.320363
0.706466
0.331673
0.00155342
0.320364
0.706462
0.331673
0.00155153
0.320364
0.706459
0.331673
0.00154966
0.320365
0.706456
0.331673
0.00154781
0.320365
0.706453
0.331673
0.00154597
0.320365
0.70645
0.331673
0.00154416
0.320366
0.706447
0.331673
0.00154235
0.320366
0.706444
0.331673
0.00154057
0.320367
0.706441
0.331673
0.00153879
0.320367
0.706438
0.331673
0.00153704
0.320367
0.706435
0.331673
0.0015353
0.320368
0.706431
0.331673
0.00153358
0.320368
0.706428
0.331673
0.00153187
0.320369
0.706425
0.331673
0.00153018
0.320369
0.706422
0.331673
0.0015285
0.32037
0.706419
0.331673
0.00152684
0.32037
0.706416
0.331673
0.00152519
0.320371
0.706413
0.331673
0.00152356
0.320371
0.70641
0.331673
0.00152195
0.320372
0.706407
0.331674
0.00152035
0.320372
0.706404
0.331674
0.00151876
0.320373
0.706401
0.331674
0.00151719
0.320373
0.706397
0.331674
0.00151564
0.320374
0.706394
0.331674
0.0015141
0.320374
0.706391
0.331674
0.00151257
0.320375
0.706388
0.331674
0.00151106
0.320376
0.706385
0.331674
0.00150956
0.320376
0.706382
0.331674
0.00150808
0.320377
0.706379
0.331675
0.00150661
0.320377
0.706376
0.331675
0.00150516
0.320378
0.706373
0.331675
0.00150372
0.320378
0.70637
0.331675
0.00150229
0.320379
0.706367
0.331675
0.00150088
0.32038
0.706363
0.331675
0.00149949
0.32038
0.70636
0.331675
0.0014981
0.320381
0.706357
0.331676
0.00149673
0.320381
0.706354
0.331676
0.00149538
0.320382
0.706351
0.331676
0.00149404
0.320383
0.706348
0.331676
0.00149271
0.320383
0.706345
0.331676
0.0014914
0.320384
0.706342
0.331677
0.00149009
0.320385
0.706339
0.331677
0.00148881
0.320385
0.706336
0.331677
0.00148753
0.320386
0.706333
0.331677
0.00148627
0.320387
0.706329
0.331677
0.00148502
0.320387
0.706326
0.331678
0.00148379
0.320388
0.706323
0.331678
0.00148257
0.320389
0.70632
0.331678
0.00148136
0.320389
0.706317
0.331678
0.00148017
0.32039
0.706314
0.331679
0.00147898
0.320391
0.706311
0.331679
0.00147782
0.320392
0.706308
0.331679
0.00147666
0.320392
0.706305
0.331679
0.00147552
0.320393
0.706302
0.33168
0.00147439
0.320394
0.706298
0.33168
0.00147327
0.320395
0.706295
0.33168
0.00147216
0.320395
0.706292
0.331681
0.00147107
0.320396
0.706289
0.331681
0.00146999
0.320397
0.706286
0.331681
0.00146892
0.320398
0.706283
0.331681
0.00146786
0.320398
0.70628
0.331682
0.00146682
0.320399
0.706277
0.331682
0.00146579
0.3204
0.706273
0.331682
0.00146477
0.320401
0.70627
0.331683
0.00146376
0.320402
0.706267
0.331683
0.00146277
0.320402
0.706264
0.331683
0.00146179
0.320403
0.706261
0.331684
0.00146082
0.320404
0.706258
0.331684
0.00145986
0.320405
0.706255
0.331684
0.00145891
0.320406
0.706252
0.331685
0.00145798
0.320407
0.706248
0.331685
0.00145705
0.320407
0.706245
0.331686
0.00145614
0.320408
0.706242
0.331686
0.00145524
0.320409
0.706239
0.331686
0.00145435
0.32041
0.706236
0.331687
0.00145348
0.320411
0.706233
0.331687
0.00145261
0.320412
0.70623
0.331687
0.00145176
0.320413
0.706226
0.331688
0.00145092
0.320414
0.706223
0.331688
0.00145008
0.320414
0.70622
0.331689
0.00144927
0.320415
0.706217
0.331689
0.00144846
0.320416
0.706214
0.331689
0.00144766
0.320417
0.706211
0.33169
0.00144687
0.320418
0.706207
0.33169
0.0014461
0.320419
0.706204
0.331691
0.00144534
0.32042
0.706201
0.331691
0.00144458
0.320421
0.706198
0.331692
0.00144384
0.320422
0.706195
0.331692
0.00144311
0.320423
0.706192
0.331692
0.00144239
0.320424
0.706188
0.331693
0.00144168
0.320425
0.706185
0.331693
0.00144099
0.320426
0.706182
0.331694
0.0014403
0.320427
0.706179
0.331694
0.00143962
0.320428
0.706176
0.331695
0.00143896
0.320429
0.706172
0.331695
0.0014383
0.32043
0.706169
0.331696
0.00143766
0.320431
0.706166
0.331696
0.00143703
0.320432
0.706163
0.331697
0.0014364
0.320433
0.70616
0.331697
0.00143579
0.320434
0.706156
0.331698
0.00143519
0.320435
0.706153
0.331698
0.0014346
0.320436
0.70615
0.331699
0.00143402
0.320437
0.706147
0.331699
0.00143345
0.320438
0.706144
0.3317
0.00143288
0.320439
0.70614
0.3317
0.00143233
0.32044
0.706137
0.331701
0.00143179
0.320441
0.706134
0.331701
0.00143127
0.320442
0.706131
0.331702
0.00143075
0.320443
0.706128
0.331702
0.00143024
0.320444
0.706124
0.331703
0.00142974
0.320445
0.706121
0.331703
0.00142925
0.320446
0.706118
0.331704
0.00142877
0.320447
0.706115
0.331704
0.0014283
0.320448
0.706111
0.331705
0.00142784
0.32045
0.706108
0.331705
0.00142739
0.320451
0.706105
0.331706
0.00142695
0.320452
0.706102
0.331707
0.00142652
0.320453
0.706098
0.331707
0.0014261
0.320454
0.706095
0.331708
0.00142569
0.320455
0.706092
0.331708
0.00142529
0.320456
0.706089
0.331709
0.0014249
0.320457
0.706085
0.331709
0.00142452
0.320458
0.706082
0.33171
0.00142415
0.32046
0.706079
0.331711
0.00142379
0.320461
0.706075
0.331711
0.00142344
0.320462
0.706072
0.331712
0.0014231
0.320463
0.706069
0.331712
0.00142276
0.320464
0.706066
0.331713
0.00142244
0.320465
0.706062
0.331714
0.00142213
0.320467
0.706059
0.331714
0.00142182
0.320468
0.706056
0.331715
0.00142153
0.320469
0.706052
0.331716
0.00142124
0.32047
0.706049
0.331716
0.00142097
0.320471
0.706046
0.331717
0.0014207
0.320473
0.706043
0.331717
0.00142044
0.320474
0.706039
0.331718
0.0014202
0.320475
0.706036
0.331719
0.00141996
0.320476
0.706033
0.331719
0.00141973
0.320477
0.706029
0.33172
0.00141951
0.320479
0.706026
0.331721
0.0014193
0.32048
0.706023
0.331721
0.00141909
0.320481
0.706019
0.331722
0.0014189
0.320482
0.706016
0.331723
0.00141872
0.320484
0.706013
0.331723
0.00141854
0.320485
0.706009
0.331724
0.00141838
0.320486
0.706006
0.331725
0.00141822
0.320487
0.706003
0.331725
0.00141807
0.320489
0.705999
0.331726
0.00141793
0.32049
0.705996
0.331727
0.0014178
0.320491
0.705993
0.331727
0.00141768
0.320492
0.705989
0.331728
0.00141757
0.320494
0.705986
0.331729
0.00141747
0.320495
0.705983
0.331729
0.00141737
0.320496
0.705979
0.33173
0.00141729
0.320498
0.705976
0.331731
0.00141721
0.320499
0.705972
0.331732
0.00141714
0.3205
0.705969
0.331732
0.00141708
0.320501
0.705966
0.331733
0.00141703
0.320503
0.705962
0.331734
0.00141699
0.320504
0.705959
0.331734
0.00141696
0.320505
0.705956
0.331735
0.00141693
0.320507
0.705952
0.331736
0.00141692
0.320508
0.705949
0.331737
0.00141691
0.320509
0.705945
0.331737
0.00141691
0.320511
0.705942
0.331738
0.00141692
0.320512
0.705939
0.331739
0.00141694
0.320513
0.705935
0.33174
0.00141696
0.320515
0.705932
0.33174
0.001417
0.320516
0.705928
0.331741
0.00141704
0.320518
0.705925
0.331742
0.00141709
0.320519
0.705922
0.331743
0.00141716
0.32052
0.705918
0.331743
0.00141722
0.320522
0.705915
0.331744
0.0014173
0.320523
0.705911
0.331745
0.00141739
0.320524
0.705908
0.331746
0.00141748
0.320526
0.705904
0.331746
0.00141758
0.320527
0.705901
0.331747
0.00141769
0.320529
0.705897
0.331748
0.00141781
0.32053
0.705894
0.331749
0.00141794
0.320531
0.705891
0.33175
0.00141807
0.320533
