-6.27744e+66
0.128963
0.874669
0.148903
0.843654
0.198327
0.790314
0.276518
0.715768
0.379432
0.634732
0.475087
0.578817
0.522406
0.562874
0.525056
0.568225
0.51447
0.575198
0.507899
0.577634
0.506741
0.577381
0.507664
0.576417
0.508531
0.575959
0.508786
0.575721
0.508752
0.575743
0.508643
0.575605
0.508618
0.575564
0.508606
0.575364
0.508636
0.575301
0.508632
0.575102
0.508653
0.575044
0.508643
0.574846
0.508661
0.574787
0.508651
0.574587
0.508671
0.574525
0.508661
0.574323
0.508681
0.57426
0.508671
0.574056
0.50869
0.573991
0.508681
0.573786
0.5087
0.573719
0.508691
0.573512
0.50871
0.573443
0.5087
0.573234
0.508719
0.573163
0.50871
0.572953
0.508729
0.57288
0.50872
0.572669
0.508739
0.572594
0.50873
0.57238
0.508748
0.572304
0.50874
0.572089
0.508758
0.57201
0.508749
0.571793
0.508767
0.571713
0.508759
0.571494
0.508777
0.571412
0.508769
0.571192
0.508786
0.571107
0.508778
0.570886
0.508796
0.570799
0.508788
0.570577
0.508805
0.570488
0.508797
0.570264
0.508815
0.570173
0.508807
0.569948
0.508824
0.569855
0.508816
0.569628
0.508833
0.569533
0.508825
0.569305
0.508842
0.569208
0.508834
0.568978
0.508851
0.56888
0.508844
0.568649
0.50886
0.568548
0.508852
0.568316
0.508868
0.568213
0.508861
0.56798
0.508877
0.567875
0.50887
0.567641
0.508885
0.567534
0.508879
0.567299
0.508894
0.56719
0.508887
0.566954
0.508902
0.566843
0.508895
0.566606
0.50891
0.566493
0.508903
0.566255
0.508917
0.566141
0.508911
0.565902
0.508925
0.565786
0.508919
0.565546
0.508932
0.565428
0.508926
0.565187
0.508939
0.565067
0.508933
0.564826
0.508946
0.564705
0.50894
0.564463
0.508953
0.56434
0.508947
0.564098
0.508959
0.563973
0.508954
0.56373
0.508965
0.563603
0.50896
0.563361
0.508971
0.563232
0.508966
0.562989
0.508976
0.562859
0.508971
0.562616
0.508982
0.562485
0.508976
0.562242
0.508986
0.562109
0.508981
0.561866
0.508991
0.561731
0.508986
0.561488
0.508995
0.561352
0.50899
0.56111
0.508999
0.560972
0.508994
0.56073
0.509002
0.560591
0.508997
0.560349
0.509005
0.560209
0.509
0.559968
0.509007
0.559827
0.509002
0.559586
0.509009
0.559443
0.509004
0.559203
0.509011
0.55906
0.509006
0.55882
0.509012
0.558676
0.509007
0.558437
0.509012
0.558292
0.509008
0.558054
0.509012
0.557907
0.509008
0.557671
0.509012
0.557523
0.509007
0.557288
0.50901
0.557139
0.509006
0.556905
0.509009
0.556756
0.509004
0.556523
0.509007
0.556373
0.509002
0.556142
0.509004
0.555991
0.508999
0.555761
0.509
0.555609
0.508996
0.555381
0.508996
0.555228
0.508992
0.555002
0.508991
0.554849
0.508987
0.554624
0.508986
0.55447
0.508982
0.554247
0.50898
0.554093
0.508975
0.553872
0.508973
0.553717
0.508969
0.553498
0.508966
0.553343
0.508961
0.553126
0.508958
0.55297
0.508953
0.552755
0.508949
0.552599
0.508945
0.552386
0.50894
0.55223
0.508935
0.552019
0.50893
0.551863
0.508925
0.551654
0.508919
0.551498
0.508914
0.551292
0.508907
0.551135
0.508903
0.550931
0.508895
0.550774
0.50889
0.550572
0.508882
0.550415
0.508877
0.550216
0.508868
0.550059
0.508864
0.549862
0.508854
0.549705
0.508849
0.549511
0.508839
0.549353
0.508834
0.549162
0.508823
0.549004
0.508819
0.548816
0.508807
0.548658
0.508802
0.548472
0.50879
0.548315
0.508785
0.548131
0.508772
0.547974
0.508767
0.547793
0.508754
0.547636
0.508749
0.547458
0.508735
0.547301
0.50873
0.547126
0.508715
0.546969
0.50871
0.546796
0.508695
0.546639
0.50869
0.54647
0.508674
0.546313
0.508669
0.546146
0.508652
0.54599
0.508648
0.545826
0.50863
0.54567
0.508626
0.545509
0.508608
0.545353
0.508603
0.545194
0.508585
0.545039
0.50858
0.544883
0.508561
0.544728
0.508557
0.544575
0.508537
0.54442
0.508533
0.544271
0.508513
0.544116
0.508508
0.543969
0.508488
0.543815
0.508483
0.543671
0.508462
0.543517
0.508458
0.543376
0.508437
0.543223
0.508432
0.543084
0.50841
0.542931
0.508406
0.542795
0.508384
0.542643
0.50838
0.54251
0.508357
0.542358
0.508353
0.542228
0.50833
0.542077
0.508326
0.541949
0.508303
0.541799
0.508299
0.541674
0.508275
0.541524
0.508271
0.541401
0.508247
0.541253
0.508244
0.541132
0.508219
0.540984
0.508216
0.540867
0.508191
0.540719
0.508188
0.540605
0.508163
0.540458
0.508159
0.540345
0.508134
0.540199
0.508131
0.54009
0.508106
0.539944
0.508103
0.539837
0.508077
0.539693
0.508074
0.539588
0.508048
0.539444
0.508045
0.539342
0.508019
0.539199
0.508017
0.539099
0.507991
0.538957
0.507988
0.538859
0.507962
0.538718
0.507959
0.538623
0.507933
0.538482
0.50793
0.538389
0.507904
0.53825
0.507902
0.538159
0.507875
0.538021
0.507873
0.537932
0.507847
0.537794
0.507845
0.537708
0.507818
0.537571
0.507816
0.537487
0.507789
0.537351
0.507788
0.537269
0.507761
0.537134
0.507759
0.537054
0.507732
0.53692
0.507731
0.536842
0.507704
0.536709
0.507703
0.536633
0.507676
0.536502
0.507675
0.536427
0.507648
0.536297
0.507647
0.536224
0.50762
0.536094
0.507619
0.536024
0.507592
0.535895
0.507591
0.535827
0.507565
0.535699
0.507564
0.535632
0.507537
0.535505
0.507537
0.53544
0.50751
0.535315
0.507509
0.535251
0.507483
0.535127
0.507482
0.535065
0.507456
0.534942
0.507455
0.534881
0.507429
0.534759
0.507429
0.534701
0.507402
0.534579
0.507402
0.534522
0.507376
0.534402
0.507376
0.534347
0.507349
0.534227
0.507349
0.534174
0.507323
0.534055
0.507323
0.534003
0.507297
0.533886
0.507297
0.533835
0.507271
0.533719
0.507271
0.53367
0.507246
0.533555
0.507246
0.533506
0.50722
0.533393
0.50722
0.533346
0.507195
0.533233
0.507195
0.533187
0.507169
0.533076
0.50717
0.533032
0.507144
0.532921
0.507145
0.532878
0.507119
0.532768
0.50712
0.532727
0.507094
0.532618
0.507095
0.532578
0.50707
0.53247
0.50707
0.532431
0.507045
0.532324
0.507045
0.532286
0.50702
0.532181
0.507021
0.532144
0.506996
0.53204
0.506996
0.532003
0.506972
0.5319
0.506972
0.531865
0.506947
0.531763
0.506948
0.531729
0.506923
0.531628
0.506924
0.531595
0.506899
0.531495
0.5069
0.531463
0.506875
0.531365
0.506876
0.531333
0.506851
0.531236
0.506852
0.531205
0.506828
0.531109
0.506828
0.531079
0.506804
0.530984
0.506804
0.530955
0.50678
0.530861
0.506781
0.530833
0.506757
0.53074
0.506757
0.530713
0.506733
0.53062
0.506733
0.530594
0.50671
0.530503
0.50671
0.530478
0.506686
0.530387
0.506686
0.530363
0.506663
0.530274
0.506663
0.53025
0.506639
0.530162
0.506639
0.530139
0.506616
0.530051
0.506616
0.530029
0.506593
0.529943
0.506593
0.529922
0.50657
0.529836
0.506569
0.529815
0.506546
0.529731
0.506546
0.529711
0.506523
0.529628
0.506523
0.529608
0.5065
0.529526
0.5065
0.529507
0.506477
0.529426
0.506476
0.529407
0.506454
0.529327
0.506453
0.529309
0.506431
0.52923
0.50643
0.529213
0.506408
0.529135
0.506407
0.529118
0.506385
0.529041
0.506384
0.529025
0.506362
0.528948
0.506361
0.528933
0.506339
0.528857
0.506338
0.528843
0.506316
0.528768
0.506315
0.528754
0.506293
0.52868
0.506292
0.528666
0.50627
0.528594
0.506269
0.52858
0.506247
0.528508
0.506246
0.528496
0.506224
0.528425
0.506223
0.528412
0.506201
0.528342
0.5062
0.52833
0.506178
0.528262
0.506177
0.52825
0.506156
0.528182
0.506154
0.528171
0.506133
0.528104
0.506131
0.528093
0.50611
0.528027
0.506109
0.528016
0.506088
0.527951
0.506086
0.527941
0.506065
0.527877
0.506063
0.527867
0.506043
0.527803
0.506041
0.527794
0.50602
0.527732
0.506018
0.527723
0.505998
0.527661
0.505996
0.527652
0.505975
0.527591
0.505973
0.527583
0.505953
0.527523
0.505951
0.527515
0.505931
0.527456
0.505928
0.527448
0.505909
0.52739
0.505906
0.527383
0.505887
0.527325
0.505884
0.527318
0.505865
0.527262
0.505862
0.527255
0.505843
0.527199
0.50584
0.527193
0.505821
0.527138
0.505818
0.527132
0.505799
0.527077
0.505796
0.527071
0.505777
0.527018
0.505775
0.527012
0.505756
0.52696
0.505753
0.526954
0.505734
0.526902
0.505731
0.526897
0.505713
0.526846
0.50571
0.526841
0.505692
0.526791
0.505689
0.526786
0.50567
0.526737
0.505667
0.526732
0.505649
0.526684
0.505646
0.526679
0.505628
0.526631
0.505625
0.526627
0.505607
0.52658
0.505604
0.526576
0.505587
0.52653
0.505584
0.526526
0.505566
0.52648
0.505563
0.526477
0.505546
0.526432
0.505543
0.526428
0.505525
0.526384
0.505522
0.526381
0.505505
0.526337
0.505502
0.526334
0.505485
0.526291
0.505482
0.526289
0.505465
0.526246
0.505462
0.526244
0.505446
0.526202
0.505442
0.5262
0.505426
0.526158
0.505423
0.526156
0.505407
0.526116
0.505403
0.526114
0.505387
0.526074
0.505384
0.526072
0.505368
0.526033
0.505365
0.526031
0.505349
0.525993
0.505346
0.525991
0.50533
0.525953
0.505327
0.525952
0.505312
0.525915
0.505308
0.525913
0.505293
0.525877
0.50529
0.525876
0.505275
0.525839
0.505272
0.525838
0.505257
0.525803
0.505253
0.525802
0.505239
0.525767
0.505236
0.525766
0.505221
0.525732
0.505218
0.525731
0.505203
0.525697
0.5052
0.525697
0.505186
0.525663
0.505183
0.525663
0.505169
0.52563
0.505165
0.52563
0.505152
0.525598
0.505148
0.525598
0.505135
0.525566
0.505132
0.525566
0.505118
0.525535
0.505115
0.525535
0.505101
0.525504
0.505098
0.525504
0.505085
0.525474
0.505082
0.525474
0.505069
0.525444
0.505066
0.525445
0.505053
0.525416
0.50505
0.525416
0.505037
0.525387
0.505034
0.525388
0.505022
0.525359
0.505019
0.52536
0.505006
0.525332
0.505003
0.525333
0.504991
0.525306
0.504988
0.525306
0.504976
0.525279
0.504973
0.52528
0.504961
0.525254
0.504958
0.525254
0.504946
0.525229
0.504944
0.525229
0.504932
0.525204
0.504929
0.525205
0.504918
0.52518
0.504915
0.525181
0.504904
0.525156
0.504901
0.525157
0.50489
0.525133
0.504887
0.525134
0.504876
0.52511
0.504873
0.525111
0.504862
0.525088
0.50486
0.525089
0.504849
0.525066
0.504846
0.525067
0.504836
0.525045
0.504833
0.525046
0.504823
0.525024
0.50482
0.525025
0.50481
0.525003
0.504808
0.525004
0.504797
0.524983
0.504795
0.524984
0.504785
0.524964
0.504783
0.524965
0.504773
0.524944
0.50477
0.524945
0.504761
0.524925
0.504758
0.524926
0.504749
0.524907
0.504746
0.524908
0.504737
0.524889
0.504735
0.52489
0.504726
0.524871
0.504723
0.524872
0.504714
0.524853
0.504712
0.524855
0.504703
0.524836
0.504701
0.524838
0.504692
0.52482
0.50469
0.524821
0.504681
0.524803
0.504679
0.524804
0.50467
0.524787
0.504668
0.524788
0.50466
0.524771
0.504658
0.524773
0.504649
0.524756
0.504647
0.524757
0.504639
0.524741
0.504637
0.524742
0.504629
0.524726
0.504627
0.524727
0.504619
0.524712
0.504617
0.524713
0.50461
0.524697
0.504608
0.524699
0.5046
0.524683
0.504598
0.524685
0.504591
0.52467
0.504589
0.524671
0.504581
0.524656
0.50458
0.524658
0.504572
0.524643
0.50457
0.524645
0.504563
0.524631
0.504562
0.524632
0.504555
0.524618
0.504553
0.524619
0.504546
0.524606
0.504544
0.524607
0.504537
0.524594
0.504536
0.524595
0.504529
0.524582
0.504527
0.524583
0.504521
0.52457
0.504519
0.524572
0.504513
0.524559
0.504511
0.524561
0.504505
0.524548
0.504503
0.52455
0.504497
0.524537
0.504495
0.524539
0.504489
0.524527
0.504488
0.524528
0.504482
0.524516
0.50448
0.524518
0.504474
0.524506
0.504473
0.524507
0.504467
0.524496
0.504466
0.524497
0.50446
0.524486
0.504458
0.524488
0.504453
0.524477
0.504451
0.524478
0.504446
0.524467
0.504445
0.524469
0.504439
0.524458
0.504438
0.52446
0.504433
0.524449
0.504431
0.524451
0.504426
0.52444
0.504425
0.524442
0.50442
0.524432
0.504418
0.524433
0.504413
0.524423
0.504412
0.524425
0.504407
0.524415
0.504406
0.524416
0.504401
0.524407
0.5044
0.524408
0.504395
0.524399
0.504394
0.5244
0.504389
0.524391
0.504388
0.524393
0.504383
0.524384
0.504382
0.524385
0.504378
0.524376
0.504377
0.524378
0.504372
0.524369
0.504371
0.52437
0.504367
0.524362
0.504366
0.524363
0.504361
0.524355
0.50436
0.524356
0.504356
0.524348
0.504355
0.524349
0.504351
0.524341
0.50435
0.524343
0.504346
0.524335
0.504345
0.524336
0.504341
0.524328
0.50434
0.524329
0.504336
0.524322
0.504335
0.524323
0.504331
0.524316
0.50433
0.524317
0.504327
0.52431
0.504326
0.524311
0.504322
0.524304
0.504321
0.524305
0.504318
0.524298
0.504317
0.524299
0.504313
0.524292
0.504312
0.524294
0.504309
0.524287
0.504308
0.524288
0.504304
0.524281
0.504304
0.524283
0.5043
0.524276
0.5043
0.524277
0.504296
0.524271
0.504295
0.524272
0.504292
0.524266
0.504291
0.524267
0.504288
0.524261
0.504288
0.524262
0.504284
0.524256
0.504284
0.524257
0.504281
0.524251
0.50428
0.524252
0.504277
0.524246
0.504276
0.524247
0.504273
0.524242
0.504273
0.524243
0.50427
0.524237
0.504269
0.524238
0.504266
0.524233
0.504265
0.524234
0.504263
0.524228
0.504262
0.52423
0.504259
0.524224
0.504259
0.524225
0.504256
0.52422
0.504255
0.524221
0.504253
0.524216
0.504252
0.524217
0.50425
0.524212
0.504249
0.524213
0.504246
0.524208
0.504246
0.524209
0.504243
0.524204
0.504243
0.524205
0.50424
0.524201
0.50424
0.524202
0.504237
0.524197
0.504237
0.524198
0.504234
0.524193
0.504234
0.524194
0.504232
0.52419
0.504231
0.524191
0.504229
0.524186
0.504228
0.524187
0.504226
0.524183
0.504226
0.524184
0.504223
0.52418
0.504223
0.524181
0.504221
0.524177
0.50422
0.524178
0.504218
0.524173
0.504218
0.524174
0.504216
0.52417
0.504215
0.524171
0.504213
0.524167
0.504213
0.524168
0.504211
0.524164
0.504211
0.524165
0.504209
0.524162
0.504208
0.524162
0.504206
0.524159
0.504206
0.52416
0.504204
0.524156
0.504204
0.524157
0.504202
0.524153
0.504201
0.524154
0.5042
0.524151
0.504199
0.524151
0.504197
0.524148
0.504197
0.524149
0.504195
0.524145
0.504195
0.524146
0.504193
0.524143
0.504193
0.524144
0.504191
0.52414
0.504191
0.524141
0.504189
0.524138
0.504189
0.524139
0.504187
0.524136
0.504187
0.524137
0.504185
0.524133
0.504185
0.524134
0.504184
0.524131
0.504183
0.524132
0.504182
0.524129
0.504182
0.52413
0.50418
0.524127
0.50418
0.524128
0.504178
0.524125
0.504178
0.524125
0.504177
0.524123
0.504176
0.524123
0.504175
0.524121
0.504175
0.524121
0.504173
0.524119
0.504173
0.524119
0.504172
0.524117
0.504171
0.524117
0.50417
0.524115
0.50417
0.524116
0.504168
0.524113
0.504168
0.524114
0.504167
0.524111
0.504167
0.524112
0.504165
0.524109
0.504165
0.52411
0.504164
0.524108
0.504164
0.524108
0.504163
0.524106
0.504162
0.524107
0.504161
0.524104
0.504161
0.524105
0.50416
0.524103
0.50416
0.524103
0.504159
0.524101
0.504158
0.524102
0.504157
0.524099
0.504157
0.5241
0.504156
0.524098
0.504156
0.524099
0.504155
0.524096
0.504154
0.524097
0.504153
0.524095
0.504153
0.524096
0.504152
0.524093
0.504152
0.524094
0.504151
0.524092
0.504151
0.524093
0.50415
0.524091
0.50415
0.524091
0.504149
0.524089
0.504149
0.52409
0.504148
0.524088
0.504147
0.524089
0.504147
0.524087
0.504146
0.524087
0.504145
0.524085
0.504145
0.524086
0.504144
0.524084
0.504144
0.524085
0.504143
0.524083
0.504143
0.524084
0.504142
0.524082
0.504142
0.524082
0.504141
0.524081
0.504141
0.524081
0.50414
0.524079
0.50414
0.52408
0.504139
0.524078
0.504139
0.524079
0.504139
0.524077
0.504138
0.524078
0.504138
0.524076
0.504138
0.524077
0.504137
0.524075
0.504137
0.524076
0.504136
0.524074
0.504136
0.524075
0.504135
0.524073
0.504135
0.524074
0.504134
0.524072
0.504134
0.524073
0.504133
0.524071
0.504133
0.524072
0.504133
0.52407
0.504132
0.524071
0.504132
0.524069
0.504132
0.52407
0.504131
0.524068
0.504131
0.524069
0.50413
0.524067
0.50413
0.524068
0.50413
0.524067
0.504129
0.524067
0.504129
0.524066
0.504129
0.524066
0.504128
0.524065
0.504128
0.524065
0.504127
0.524064
0.504127
0.524065
0.504127
0.524063
0.504127
0.524064
0.504126
0.524063
0.504126
0.524063
0.504125
0.524062
0.504125
0.524062
0.504125
0.524061
0.504125
0.524061
0.504124
0.52406
0.504124
0.524061
0.504124
0.52406
0.504123
0.52406
0.504123
0.524059
0.504123
0.524059
0.504122
0.524058
0.504122
0.524059
0.504122
0.524058
0.504122
0.524058
0.504121
0.524057
0.504121
0.524057
0.504121
0.524056
0.504121
0.524057
0.50412
0.524056
0.50412
0.524056
0.50412
0.524055
0.50412
0.524055
0.504119
0.524054
0.504119
0.524055
0.504119
0.524054
0.504119
0.524054
0.504118
0.524053
0.504118
0.524053
0.504118
0.524053
0.504118
0.524053
0.504117
0.524052
0.504117
0.524052
0.504117
0.524052
0.504117
0.524052
0.504116
0.524051
0.504116
0.524051
0.504116
0.52405
0.504116
0.524051
0.504115
0.52405
0.504115
0.52405
0.504115
0.524049
0.504115
0.52405
0.504115
0.524049
0.504114
0.524049
0.504114
0.524049
0.504114
0.524049
0.504114
0.524048
0.504114
0.524048
0.504113
0.524048
0.504113
0.524048
0.504113
0.524047
0.504113
0.524047
0.504113
0.524047
0.504112
0.524047
0.504112
0.524046
0.504112
0.524046
0.504112
0.524046
0.504112
0.524046
0.504111
0.524045
0.504111
0.524046
0.504111
0.524045
0.504111
0.524045
0.504111
0.524045
0.504111
0.524045
0.50411
0.524044
0.50411
0.524044
0.50411
0.524044
0.50411
0.524044
0.50411
0.524043
0.50411
0.524044
0.504109
0.524043
0.504109
0.524043
0.504109
0.524043
0.504109
0.524043
0.504109
0.524042
0.504109
0.524043
0.504109
0.524042
0.504109
0.524042
0.504108
0.524042
0.504108
0.524042
0.504108
0.524041
0.504108
0.524042
0.504108
0.524041
0.504108
0.524041
0.504107
0.524041
0.504107
0.524041
0.504107
0.52404
0.504107
0.524041
0.504107
0.52404
0.504107
0.52404
0.504107
0.52404
0.504107
0.52404
0.504106
0.52404
0.504106
0.52404
0.504106
0.524039
0.504106
0.524039
0.504106
0.524039
0.504106
0.524039
0.504106
0.524039
0.504106
0.524039
0.504106
0.524039
0.504105
0.524039
0.504105
0.524038
0.504105
0.524038
0.504105
0.524038
0.504105
0.524038
0.504105
0.524038
0.504105
0.524038
0.504105
0.524038
0.504105
0.524038
0.504104
0.524037
0.504104
0.524037
0.504104
0.524037
0.504104
0.524037
0.504104
0.524037
0.504104
0.524037
0.504104
0.524037
0.504104
0.524037
0.504104
0.524036
0.504104
0.524036
0.504103
0.524036
0.504103
0.524036
0.504103
0.524036
0.504103
0.524036
0.504103
0.524036
0.504103
0.524036
0.504103
0.524036
0.504103
0.524036
0.504103
0.524035
0.504103
0.524035
0.504103
0.524035
0.504103
0.524035
0.504102
0.524035
0.504102
0.524035
0.504102
0.524035
0.504102
0.524035
0.504102
0.524035
0.504102
0.524035
0.504102
0.524034
0.504102
0.524034
0.504102
0.524034
0.504102
0.524034
0.504102
0.524034
0.504102
0.524034
0.504102
0.524034
0.504101
0.524034
0.504101
0.524034
0.504101
0.524034
0.504101
0.524034
0.504101
0.524034
0.504101
0.524033
0.504101
0.524033
0.504101
0.524033
0.504101
0.524033
0.504101
0.524033
0.504101
0.524033
0.504101
0.524033
0.504101
0.524033
0.504101
0.524033
0.504101
0.524033
0.5041
0.524033
0.5041
0.524033
0.5041
0.524033
0.5041
0.524032
0.5041
0.524032
0.5041
0.524032
0.5041
0.524032
0.5041
0.524032
0.5041
0.524032
0.5041
0.524032
0.5041
0.524032
0.5041
0.524032
0.5041
0.524032
0.5041
0.524032
0.5041
0.524032
0.5041
0.524032
0.5041
0.524032
0.5041
0.524032
0.5041
0.524032
0.504099
0.524031
0.504099
0.524032
0.504099
0.524031
0.504099
0.524031
0.504099
0.524031
0.504099
0.524031
0.504099
0.524031
0.504099
0.524031
0.504099
0.524031
0.504099
0.524031
0.504099
0.524031
0.504099
0.524031
0.504099
0.524031
0.504099
0.524031
0.504099
0.524031
0.504099
0.524031
0.504099
0.524031
0.504099
0.524031
0.504099
0.524031
0.504099
0.524031
0.504099
0.52403
0.504099
0.524031
0.504098
0.52403
0.504098
0.52403
0.504098
0.52403
0.504098
0.52403
0.504098
0.52403
0.504098
0.52403
0.504098
0.52403
0.504098
0.52403
0.504098
0.52403
0.504098
0.52403
0.504098
0.52403
0.504098
0.52403
0.504098
0.52403
0.504098
0.52403
0.504098
0.52403
0.504098
0.52403
0.504098
0.52403
0.504098
0.52403
0.504098
0.52403
0.504098
0.52403
0.504098
0.524029
0.504098
0.52403
0.504098
0.524029
0.504098
0.52403
0.504098
0.524029
0.504098
0.524029
0.504098
0.524029
0.504098
0.524029
0.504097
0.524029
0.504098
0.524029
0.504097
0.524029
0.504097
0.524029
0.504097
0.524029
0.504097
0.524029
0.504097
0.524029
0.504097
0.524029
0.504097
0.524029
0.504097
0.524029
0.504097
0.524029
0.504097
0.524029
0.504097
0.524029
0.504097
0.524029
0.504097
0.524029
0.504097
0.524029
0.504097
0.524029
0.504097
0.524029
0.504097
0.524029
0.504097
0.524029
0.504097
0.524029
0.504097
0.524029
0.504097
0.524029
0.504097
0.524029
0.504097
0.524028
0.504097
0.524029
0.504097
0.524028
0.504097
0.524029
0.504097
0.524028
0.504097
0.524029
0.504097
0.524028
0.504097
0.524029
0.504097
0.524028
0.504097
0.524028
0.504097
0.524028
0.504097
0.524028
0.504097
0.524028
0.504097
0.524028
0.504097
0.524028
0.504097
0.524028
0.504097
0.524028
0.504097
0.524028
0.504096
0.524028
0.504097
0.524028
0.504096
0.524028
0.504097
0.524028
0.504096
0.524028
0.504097
0.524028
0.504096
0.524028
0.504096
0.524028
0.504096
0.524028
0.504096
0.524028
0.504096
0.524028
0.504096
0.524028
0.504096
0.524028
0.504096
0.524028
0.504096
0.524028
0.504096
0.524028
0.504096
0.524028
0.504096
0.524028
0.504096
0.524028
0.504096
0.524028
0.504096
0.524028
0.504096
0.524028
0.504096
0.524028
0.504096
0.524028
0.504096
0.524028
0.504096
0.524028
0.504096
0.524027
0.504096
0.524028
0.504096
0.524027
0.504096
0.524028
0.504096
0.524027
0.504096
0.524028
0.504096
0.524027
0.504096
0.524028
0.504096
0.524027
0.504096
0.524028
0.504096
0.524027
0.504096
0.524028
0.504096
0.524027
0.504096
0.524028
0.504096
0.524027
0.504096
0.524028
0.504096
0.524027
0.504096
0.524028
0.504096
0.524027
0.504096
0.524028
0.504096
0.524027
0.504096
0.524028
0.504096
0.524027
0.504096
0.524027
0.504096
0.524027
0.504096
0.524027
0.504096
0.524027
0.504096
0.524027
0.504096
0.524027
0.504096
0.524027
0.504096
0.524027
0.504096
0.524027
0.504096
0.524027
0.504096
0.524027
0.504096
0.524027
0.504096
0.524027
0.504096
0.524027
0.504096
0.524027
0.504096
0.524027
0.504096
0.524027
0.504096
0.524027
0.504096
0.524027
0.504096
0.524027
0.504096
0.524027
0.504096
0.524027
0.504096
0.524027
0.504096
0.524027
0.504096
0.524027
0.504095
0.524027
0.504096
0.524027
0.504095
0.524027
0.504096
0.524027
0.504095
0.524027
0.504096
0.524027
0.504095
0.524027
0.504096
0.524027
0.504095
0.524027
0.504096
0.524027
0.504095
0.524027
0.504096
0.524027
0.504095
0.524027
0.504096
0.524027
0.504095
0.524027
0.504096
0.524027
0.504095
0.524027
0.504096
0.524027
0.504095
0.524027
0.504096
0.524027
0.504095
0.524027
0.504095
0.524027
0.504095
0.524027
0.504095
0.524027
0.504095
0.524027
0.504095
0.524027
0.504095
0.524027
0.504095
0.524027
0.504095
0.524027
0.504095
0.524027
0.504095
0.524027
0.504095
0.524027
0.504095
0.524027
0.504095
0.524027
0.504095
0.524027
0.504095
0.524027
0.504095
0.524027
0.504095
0.524027
0.504095
0.524027
0.504095
0.524027
0.504095
0.524027
0.504095
0.524027
0.504095
0.524027
0.504095
0.524027
0.504095
0.524026
0.504095
0.524027
0.504095
0.524026
0.504095
0.524027
0.504095
0.524026
0.504095
0.524027
0.504095
0.524026
0.504095
0.524027
0.504095
0.524026
0.504095
0.524027
0.504095
0.524026
0.504095
0.524027
0.504095
0.524026
0.504095
0.524027
0.504095
0.524026
0.504095
0.524027
0.504095
0.524026
0.504095
0.524027
0.504095
0.524026
0.504095
0.524027
0.504095
0.524026
0.504095
0.524027
0.504095
0.524026
0.504095
0.524027
0.504095
0.524026
0.504095
0.524027
0.504095
0.524026
0.504095
0.524027
0.504095
0.524026
0.504095
0.524027
0.504095
0.524026
0.504095
0.524027
0.504095
0.524026
0.504095
0.524027
0.504095
0.524026
0.504095
0.524027
0.504095
0.524026
0.504095
0.524027
0.504095
0.524026
0.504095
0.524027
0.504095
0.524026
0.504095
0.524027
0.504095
0.524026
0.504095
0.524027
0.504095
0.524026
0.504095
0.524027
0.504095
0.524026
0.504095
0.524027
0.504095
0.524026
0.504095
0.524027
0.504095
0.524026
0.504095
0.524027
0.504095
0.524026
0.504095
0.524027
0.504095
0.524026
0.504095
0.524027
0.504095
0.524026
0.504095
0.524027
0.504095
0.524026
0.504095
0.524027
0.504095
0.524026
0.504095
0.524027
0.504095
0.524026
0.504095
0.524027
0.504095
0.524026
0.504095
0.524027
0.504095
0.524026
0.504095
0.524027
0.504095
0.524026
0.504095
0.524027
0.504095
0.524026
0.504095
0.524027
0.504095
0.524026
0.504095
0.524027
0.504095
0.524026
0.504095
0.524027
0.504095
0.524026
0.504095
0.524027
0.504095
0.524026
0.504095
0.524027
0.504095
0.524026
0.504095
0.524027
0.504095
0.524026
0.504095
0.524027
0.504095
0.524026
0.504095
0.524027
0.504095
0.524026
0.504095
0.524027
0.504095
0.524026
0.504095
0.524027
0.504095
0.524026
0.504095
0.524027
0.504095
0.524026
0.504095
0.524027
0.504095
0.524026
0.504095
0.524027
0.504095
0.524026
0.504095
0.524027
0.504095
0.524026
0.504095
0.524027
0.504095
0.524026
0.504095
0.524027
0.504095
0.524026
0.504095
0.524027
0.504095
0.524026
0.504095
0.524027
0.504095
0.524026
0.504095
0.524027
0.504095
0.524026
0.504095
0.524027
0.504095
0.524026
0.504095
0.524027
0.504095
0.524026
0.504095
0.524027
0.504095
0.524026
0.504095
0.524027
0.504095
0.524026
0.504095
0.524027
0.504095
0.524026
0.504095
0.524027
0.504095
0.524026
0.504095
0.524027
0.504095
0.524026
0.504095
0.524027
0.504095
0.524026
0.504095
0.524027
0.504095
0.524026
0.504095
0.524026
0.504095
0.524026
0.504095
0.524026
0.504095
0.524026
0.504095
0.524026
0.504095
0.524026
0.504095
0.524026
0.504095
0.524026
0.504095
0.524026
0.504095
0.524026
0.504095
0.524026
0.504095
0.524026
0.504095
0.524026
0.504095
0.524026
0.504095
0.524026
0.504095
0.524026
0.504095
0.524026
0.504095
0.524026
0.504095
0.524026
0.504095
0.524026
0.504095
0.524026
0.504095
0.524026
0.504095
0.524026
0.504095
0.524026
0.504095
0.524026
0.504095
0.524026
0.504095
0.524026
0.504095
0.524026
0.504095
0.524026
0.504095
0.524026
0.504095
0.524026
0.504095
0.524026
0.504095
0.524026
0.504095
0.524026
0.504095
0.524026
0.504095
0.524026
0.504095
0.524026
0.504095
0.524026
0.504095
0.524026
0.504095
0.524026
0.504095
0.524026
0.504095
0.524026
0.504095
0.524026
0.504095
0.524026
0.504095
0.524026
0.504095
0.524026
0.504095
0.524026
0.504095
0.524026
0.504095
0.524026
0.504095
0.524026
0.504095
0.524026
0.504095
0.524026
0.504095
0.524026
0.504095
0.524026
0.504095
0.524026
0.504095
0.524026
0.504095
0.524026
0.504095
0.524026
0.504095
0.524026
0.504095
0.524026
0.504095
0.524026
0.504095
0.524026
0.504095
0.524026
0.504095
0.524026
0.504095
0.524026
0.504095
0.524026
0.504095
0.524026
0.504095
0.524026
0.504095
0.524026
0.504095
0.524026
0.504095
0.524026
0.504095
0.524026
0.504095
0.524026
0.504095
0.524026
0.504095
0.524026
0.504095
0.524026
0.504095
0.524026
0.504095
0.524026
0.504095
0.524026
0.504095
0.524026
0.504095
0.524026
0.504095
0.524026
0.504095
0.524026
0.504095
0.524026
0.504095
0.524026
0.504095
0.524026
0.504095
0.524026
0.504095
0.524026
0.504095
0.524026
0.504095
0.524026
0.504095
0.524026
0.504095
0.524026
0.504095
0.524026
0.504095
0.524026
0.504095
0.524026
0.504095
0.524026
0.504095
0.524026
0.504095
0.524026
0.504095
0.524026
0.504095
0.524026
0.504095
0.524026
0.504095
0.524026
0.504095
0.524026
0.504095
0.524026
0.504095
0.524026
0.504095
0.524026
0.504095
0.524026
0.504095
0.524026
0.504095
0.524026
0.504095
0.524026
0.504095
0.524026
0.504095
0.524026
0.504095
0.524026
0.504095
0.524026
0.504095
0.524026
0.504095
0.524026
0.504095
0.524026
0.504095
0.524026
0.504095
0.524026
0.504095
0.524026
0.504095
0.524026
0.504095
0.524026
0.504095
0.524026
0.504095
0.524026
0.504095
0.524026
0.504095
0.524026
0.504095
0.524026
0.504095
0.524026
0.504095
0.524026
0.504095
0.524026
0.504095
0.524026
0.504095
0.524026
0.504095
0.524026
0.504095
0.524026
0.504095
0.524026
0.504095
0.524026
0.504095
0.524026
0.504095
0.524026
0.504095
0.524026
0.504095
0.524026
0.504095
