0.00364422
0.00462039
0.00452534
0.00358794
0.00337586
0.00340328
0.00345749
0.00273038
0.00318054
0.00262301
0.00269917
0.0025572
0.00398197
0.0024252
0.00239573
0.00244983
0.00289194
0.0031649
0.00262308
0.00317062
0.00377466
0.00292108
0.00250224
0.00274663
0.00295768
0.00272117
0.00262669
0.0027914
0.00259448
0.00342492
0.0020447
0.00207818
0.0031886
0.00252688
0.00224784
0.00234097
0.00249047
0.00232278
0.00244324
0.00226993
0.00239602
0.00262396
0.00225436
0.00197693
0.00244567
0.00230204
0.00212552
0.00187874
0.00228929
0.0017997
