0.0946271
0.0182024
0.0140388
0.0128581
0.00916504
0.00786953
0.0073642
0.00806871
0.00643939
0.00617483
0.00648525
0.00763425
0.00597922
0.00591131
0.00571546
0.00587545
0.00608841
0.00528025
0.00654447
0.00592347
0.00463919
0.00527009
0.00478016
0.00476877
0.00473226
0.00715077
0.00509988
0.00606689
0.00651523
0.00519931
0.00467711
0.00459023
0.00472296
0.00380718
0.00473641
0.00503558
0.00381849
0.00505538
0.00379693
0.00453917
0.00424557
0.00386976
0.0056363
0.00500228
0.00558659
0.00499884
0.00330833
0.00449103
0.00412406
0.00402163
