0.00200667
0.00207662
0.00184522
0.00240464
0.00277448
0.00196033
0.00211698
0.00170147
0.00243752
0.00195375
0.00265102
0.0020067
0.00198207
0.00252391
0.00271679
0.00286098
0.00164529
0.00158691
0.00215303
0.00192398
0.0019233
0.00180374
0.00250313
0.0018422
0.0016869
0.00173286
0.00199562
0.00203767
0.00189109
0.00140298
0.00174603
0.00166558
0.0015581
0.00162926
0.00166337
0.00144356
0.00156482
0.00166436
0.00152847
0.00153653
0.00147395
0.00152779
0.00159266
0.00207318
0.0012442
0.00166293
0.00133069
0.0014536
0.00138693
0.00114022
