0.0111001
0.0183229
0.0133796
0.0105461
0.0196841
0.0129088
0.0136382
0.0118603
0.0119506
0.00911125
0.00950993
0.00882589
0.0117225
0.0058379
0.00898957
0.00872401
0.00616493
0.0105631
0.00753677
0.00782075
0.00683985
0.00772619
0.00654991
0.00692186
0.00820089
0.00571507
0.00571274
0.00643067
0.00778605
0.00646478
0.00423905
0.00518125
0.00708392
0.00413392
0.00367741
0.00630891
0.00452744
0.00561199
0.00385682
0.00463196
0.00375453
0.00434986
0.00475705
0.00392303
0.00461113
0.0044986
0.00593656
0.00437306
0.00495023
0.00340241
