0.118298
0.114795
0.102135
0.0408718
0.0184324
0.0137341
0.0110758
0.00828347
0.00976401
0.00900529
0.00630199
0.00521026
0.00926649
0.00632779
0.00766788
0.00719274
0.00549661
0.00565639
0.00726286
0.00553616
0.00513405
0.00602764
0.00717282
0.0075924
0.00672483
0.00467813
0.00540646
0.00532754
0.0046704
0.00516319
0.00499335
0.00438412
0.00462157
0.00435532
0.00542453
0.004256
0.00446921
0.0040732
0.00415502
0.00377685
0.00405723
0.00381368
0.00351625
0.00499053
0.00361792
0.00435708
0.00472528
0.00384561
0.00428451
0.0035849
