0.00668985
0.00769517
0.00883471
0.00599191
0.00769019
0.00535157
0.00565062
0.00644077
0.00675032
0.00567907
0.00624968
0.00711831
0.00791936
0.00737347
0.00832408
0.00748527
0.00804416
0.00990626
0.00943378
0.00577816
0.00849833
0.00679995
0.00644671
0.00710441
0.00570697
0.00962174
0.0096436
0.00807809
0.00499839
0.00732508
0.00784687
0.00866586
0.0083666
0.00912273
0.00876838
0.00742406
0.00898762
0.00701936
0.00683598
0.0076598
0.00720106
0.0070156
0.0079265
0.00701442
0.00570647
0.00483703
0.00562079
0.00609699
0.00947292
0.00691739
