0.0398201
0.0253932
0.0302715
0.0234104
0.0185335
0.0153987
0.0140717
0.013948
0.0133506
0.0172753
0.00697607
0.0110498
0.00711184
0.0154697
0.00891223
0.00479924
0.0147624
0.0157651
0.015255
0.00560723
0.0130369
0.00390853
0.00709074
0.006962
0.00648737
0.00434604
0.00879144
0.0153693
0.00591993
0.0145602
0.00717155
0.0138291
0.0132309
0.00772828
0.00787934
0.00536881
0.0160363
0.00946139
0.0110057
0.0100088
0.00993708
0.0111723
0.00625738
0.0042788
0.00996086
0.0105111
0.0105644
0.00392259
0.011915
0.0114614
