0.00560165
0.0180309
0.0075596
0.00572689
0.0189052
0.0113328
0.0160718
0.0149714
0.00583972
0.0104256
0.0051629
0.0187802
0.0181827
0.0153693
0.0180767
0.00759524
0.019764
0.0106278
0.00405799
0.0122636
0.00757213
0.0134946
0.011831
0.0104905
0.0196494
0.0170163
0.0123973
0.0155431
0.011114
0.00853422
0.0116024
0.0120918
0.015538
0.00907593
0.0089551
0.00562063
0.00456765
0.013237
0.00599006
0.00670301
0.0120877
0.00714375
0.00880149
0.00775095
0.00561359
0.0109512
0.0103032
0.00489893
0.00980608
0.0122269
